0 501 54 500 55 497 55 496 56 494 56 493 57 491 57 487 61 487 62 485 64 485 67 484 68 484 78 485 79 485 80 487 82 487 83 492 88 494 88 495 89 508 89 509 88 511 88 513 86 514 86 517 83 517 82 519 80 519 78 520 77 520 67 517 64 517 62 515 60 514 60 513 59 511 59 510 58 508 58 506 56 505 56 504 55 502 55
0 513 14 512 15 510 15 509 16 507 16 500 23 500 26 499 27 499 33 500 34 500 39 501 40 501 41 504 44 504 45 509 50 510 50 511 51 513 51 514 52 518 52 519 53 520 53 521 52 523 52 524 51 526 51 527 50 528 50 533 45 533 44 534 43 534 41 535 40 535 33 534 32 534 30 533 29 533 28 532 27 532 25 531 24 531 23 524 16 523 16 522 15 520 15 519 14
0 345 68 344 69 342 69 337 74 337 75 336 76 336 77 334 79 334 80 333 81 333 82 332 83 332 85 331 86 331 88 330 89 330 91 329 92 329 94 328 95 328 101 329 102 329 104 330 105 330 106 335 111 337 111 338 112 344 112 345 111 347 111 348 110 349 110 356 103 356 102 358 100 358 99 359 98 359 97 360 96 360 95 361 94 361 91 362 90 362 77 361 76 361 75 357 71 356 71 355 70 354 70 353 69 351 69 350 68
0 373 21 372 22 369 22 368 23 366 23 365 24 364 24 363 25 362 25 358 29 358 30 357 31 357 32 356 33 356 34 355 35 355 37 354 38 354 43 355 44 355 46 356 47 356 49 360 53 361 53 362 54 364 54 365 55 367 55 368 56 370 56 371 55 375 55 376 54 378 54 379 53 380 53 381 52 382 52 384 50 385 50 388 47 388 46 389 45 389 42 390 41 390 29 389 28 389 27 386 24 385 24 384 23 382 23 381 22 378 22 377 21
0 430 127 429 128 425 128 424 129 422 129 421 130 419 130 418 131 417 131 416 132 415 132 410 137 410 138 409 139 409 140 408 141 408 152 409 153 409 154 416 161 417 161 419 163 421 163 422 164 425 164 426 165 435 165 436 164 438 164 439 163 441 163 442 162 443 162 445 160 446 160 449 157 449 155 450 154 450 153 451 152 451 149 452 148 452 140 451 139 451 137 450 136 450 135 446 131 445 131 444 130 443 130 442 129 440 129 439 128 437 128 436 127
0 559 134 558 135 556 135 554 137 553 137 549 141 549 142 548 143 548 145 547 146 547 148 546 149 546 151 545 152 545 154 544 155 544 165 545 166 545 167 546 168 546 169 549 172 550 172 551 173 552 173 553 174 555 174 556 175 561 175 562 174 564 174 565 173 567 173 568 172 569 172 570 171 571 171 575 167 575 166 576 165 576 163 577 162 577 157 578 156 578 148 577 147 577 143 576 142 576 141 572 137 571 137 570 136 569 136 568 135 566 135 565 134
0 599 125 598 126 596 126 595 127 593 127 592 128 591 128 589 130 588 130 584 134 584 137 583 138 583 150 584 151 584 152 587 155 587 156 591 160 592 160 593 161 595 161 596 162 598 162 599 163 603 163 604 162 607 162 608 161 610 161 612 159 613 159 614 158 615 158 619 154 619 153 621 151 621 148 622 147 622 136 620 134 620 133 614 127 613 127 612 126 610 126 609 125
0 333 34 332 35 329 35 328 36 326 36 325 37 323 37 320 40 320 41 319 42 319 44 318 45 318 49 317 50 317 54 318 55 318 58 319 59 319 60 320 61 320 62 323 65 324 65 325 66 327 66 328 67 336 67 337 66 339 66 340 65 341 65 343 63 344 63 347 60 347 59 348 58 348 57 349 56 349 55 350 54 350 50 349 49 349 43 348 42 348 41 345 38 344 38 343 37 342 37 341 36 340 36 339 35 337 35 336 34
0 365 150 364 151 362 151 361 152 359 152 358 153 357 153 353 157 353 158 351 160 351 161 350 162 350 163 349 164 349 165 348 166 348 171 349 172 349 174 355 180 356 180 359 183 361 183 362 184 370 184 371 183 373 183 374 182 375 182 377 180 378 180 382 176 382 175 383 174 383 173 384 172 384 168 385 167 385 163 384 162 384 160 383 159 383 158 381 156 381 155 379 153 378 153 377 152 375 152 374 151 372 151 371 150
0 410 17 409 18 407 18 406 19 405 19 401 23 401 24 400 25 400 27 399 28 399 30 398 31 398 37 399 38 399 42 400 43 400 45 401 46 401 47 408 54 409 54 410 55 412 55 413 56 417 56 418 55 420 55 421 54 423 54 424 53 425 53 431 47 431 45 432 44 432 40 433 39 433 34 432 33 432 29 431 28 431 27 430 26 430 25 425 20 424 20 423 19 421 19 420 18 418 18 417 17
0 360 189 359 190 355 190 354 191 350 191 349 192 347 192 344 195 344 196 343 197 343 198 342 199 342 202 341 203 341 212 342 213 342 215 348 221 349 221 350 222 352 222 353 223 355 223 356 224 361 224 362 223 365 223 366 222 368 222 371 219 372 219 374 217 374 216 375 215 375 214 376 213 376 210 377 209 377 204 376 203 376 199 368 191 367 191 366 190 364 190 363 189
0 175 383 174 384 172 384 171 385 170 385 165 390 165 391 162 394 162 395 161 396 161 397 160 398 160 412 164 416 165 416 166 417 167 417 168 418 169 418 170 419 172 419 173 420 182 420 183 419 185 419 187 417 188 417 191 414 191 413 194 410 194 409 195 408 195 399 194 398 194 397 193 396 193 395 191 393 191 392 185 386 184 386 183 385 182 385 181 384 179 384 178 383
0 219 367 218 368 216 368 209 375 209 376 208 377 208 378 207 379 207 391 208 392 208 393 212 397 212 398 216 402 218 402 219 403 221 403 222 404 225 404 226 403 230 403 231 402 233 402 234 401 235 401 236 400 237 400 242 395 242 394 243 393 243 383 242 382 242 379 241 378 241 376 236 371 235 371 234 370 233 370 231 368 229 368 228 367
0 215 304 214 305 212 305 211 306 209 306 202 313 202 314 201 315 201 327 202 328 202 329 203 330 203 331 204 332 204 333 207 336 207 337 211 341 212 341 213 342 215 342 216 343 218 343 219 344 225 344 226 343 229 343 230 342 232 342 237 337 237 336 239 334 239 333 240 332 240 329 241 328 241 324 240 323 240 318 239 317 239 316 232 309 231 309 230 308 229 308 228 307 227 307 226 306 224 306 223 305 221 305 220 304
0 46 195 45 196 43 196 42 197 41 197 40 198 39 198 32 205 32 206 31 207 31 216 32 217 32 218 33 219 33 220 40 227 41 227 42 228 44 228 45 229 51 229 52 230 56 230 57 229 59 229 60 228 61 228 62 227 63 227 67 223 67 222 68 221 68 220 69 219 69 208 68 207 68 206 67 205 67 204 63 200 62 200 61 199 60 199 59 198 57 198 56 197 55 197 54 196 52 196 51 195
0 16 226 15 227 13 227 12 228 11 228 6 233 6 237 5 238 5 247 6 248 6 250 11 255 12 255 13 256 14 256 15 257 17 257 18 258 20 258 21 259 30 259 31 258 33 258 34 257 35 257 41 251 41 250 42 249 42 239 40 237 40 236 38 234 37 234 35 232 34 232 31 229 30 229 29 228 28 228 27 227 25 227 24 226
0 148 358 147 359 145 359 144 360 142 360 141 361 140 361 132 369 132 370 131 371 131 372 130 373 130 374 129 375 129 376 128 377 128 388 129 389 129 392 131 394 131 395 134 398 135 398 137 400 139 400 140 401 148 401 149 400 151 400 153 398 153 397 155 395 155 394 158 391 158 390 159 389 159 388 160 387 160 386 161 385 161 384 162 383 162 380 163 379 163 371 162 370 162 368 161 367 161 365 155 359 153 359 152 358
0 331 124 330 125 328 125 327 126 325 126 324 127 323 127 317 133 317 134 316 135 316 149 317 150 317 151 318 152 318 153 322 157 323 157 325 159 326 159 327 160 329 160 330 161 338 161 339 160 341 160 342 159 343 159 349 153 349 152 350 151 350 150 351 149 351 148 352 147 352 146 353 145 353 140 352 139 352 134 351 133 351 132 346 127 345 127 344 126 342 126 341 125 339 125 338 124
0 538 80 537 81 535 81 534 82 533 82 532 83 531 83 525 89 525 90 523 92 523 94 522 95 522 104 523 105 523 107 528 112 529 112 530 113 532 113 533 114 535 114 536 115 543 115 544 114 546 114 547 113 549 113 550 112 551 112 553 110 554 110 556 108 556 107 558 105 558 103 559 102 559 90 558 89 558 88 552 82 551 82 550 81 548 81 547 80
0 595 71 594 72 592 72 591 73 589 73 588 74 587 74 584 77 584 78 582 80 582 81 581 82 581 83 580 84 580 88 579 89 579 98 580 99 580 101 581 102 581 103 582 104 582 105 586 109 587 109 588 110 590 110 591 111 594 111 595 112 596 112 597 111 600 111 601 110 603 110 604 109 605 109 611 103 611 102 612 101 612 100 613 99 613 97 614 96 614 95 615 94 615 86 614 85 614 83 613 82 613 81 612 80 612 79 610 77 610 76 606 72 604 72 603 71
0 312 163 311 164 309 164 308 165 307 165 296 176 296 177 295 178 295 189 296 190 296 191 297 192 297 193 302 198 303 198 304 199 306 199 307 200 309 200 310 201 313 201 314 200 320 200 321 199 323 199 324 198 325 198 326 197 327 197 329 195 329 194 330 193 330 192 331 191 331 190 332 189 332 187 333 186 333 183 334 182 334 177 333 176 333 174 332 173 332 171 331 170 331 169 329 167 327 167 326 166 324 166 323 165 322 165 321 164 319 164 318 163
0 280 139 279 140 277 140 276 141 275 141 269 147 269 148 268 149 268 151 267 152 267 162 268 163 268 164 274 170 275 170 276 171 278 171 279 172 289 172 290 171 292 171 300 163 300 160 301 159 301 153 300 152 300 148 299 147 299 146 296 143 295 143 294 142 293 142 292 141 291 141 290 140 288 140 287 139
0 456 0 455 1 455 4 454 5 454 16 455 17 455 19 456 20 456 21 457 22 457 23 459 25 460 25 463 28 465 28 466 29 475 29 476 28 478 28 479 27 480 27 484 23 484 22 485 21 485 20 486 19 486 17 487 16 487 5 486 4 486 3 485 2 485 1 484 0
0 217 0 212 5 212 6 211 7 211 9 210 10 210 17 211 18 211 20 212 21 212 22 215 25 216 25 217 26 219 26 220 27 222 27 223 28 228 28 229 27 231 27 232 26 234 26 235 25 237 25 238 24 239 24 241 22 242 22 245 19 245 18 247 16 247 15 248 14 248 13 249 12 249 5 248 4 248 2 246 0
0 105 47 104 48 102 48 101 49 100 49 98 51 97 51 92 56 92 57 90 59 90 69 91 70 91 71 92 72 92 73 96 77 97 77 98 78 100 78 101 79 103 79 104 80 112 80 113 79 115 79 116 78 117 78 118 77 119 77 125 71 125 70 126 69 126 67 127 66 127 60 124 57 124 56 123 55 123 54 120 51 119 51 117 49 116 49 115 48 113 48 112 47
0 174 2 173 3 171 3 170 4 169 4 168 5 167 5 164 8 164 9 163 10 163 22 164 23 164 24 166 26 166 27 170 31 171 31 172 32 174 32 175 33 177 33 178 34 185 34 186 33 188 33 189 32 190 32 194 28 194 27 195 26 195 24 196 23 196 15 195 14 195 13 193 11 193 10 187 4 186 4 185 3 183 3 182 2
0 243 174 242 175 240 175 239 176 238 176 237 177 236 177 230 183 230 184 229 185 229 193 230 194 230 197 231 198 231 200 237 206 239 206 240 207 243 207 244 208 250 208 251 207 253 207 254 206 256 206 258 204 259 204 266 197 266 195 267 194 267 185 260 178 259 178 258 177 257 177 255 175 253 175 252 174
0 416 82 415 83 413 83 412 84 411 84 404 91 404 93 403 94 403 98 404 99 404 106 405 107 405 108 406 109 406 110 412 116 413 116 414 117 416 117 417 118 426 118 427 117 429 117 430 116 432 116 433 115 434 115 439 110 439 109 441 107 441 104 442 103 442 98 441 97 441 94 439 92 437 92 436 91 434 91 433 90 430 90 427 87 426 87 425 86 423 86 422 85 421 85 419 83 417 83
0 174 74 173 75 171 75 170 76 168 76 167 77 166 77 164 79 164 80 163 81 163 82 162 83 162 84 156 90 156 91 155 92 155 93 154 94 154 104 155 105 155 106 156 107 156 108 162 114 163 114 164 115 166 115 167 116 173 116 174 115 176 115 177 114 178 114 179 113 180 113 186 107 186 106 188 104 188 103 189 102 189 101 190 100 190 99 191 98 191 97 192 96 192 95 193 94 193 87 192 86 192 82 191 81 191 80 187 76 186 76 185 75 183 75 182 74
0 427 60 426 61 424 61 423 62 421 62 420 63 419 63 417 65 416 65 412 69 412 74 413 75 413 77 414 78 414 80 416 82 418 82 420 84 421 84 422 85 423 85 424 86 425 86 426 87 428 87 429 88 431 88 432 89 437 89 438 90 439 89 441 89 442 88 443 88 445 86 446 86 449 83 449 82 451 80 451 79 452 78 452 69 447 64 446 64 444 62 442 62 441 61 439 61 438 60
0 210 177 209 178 204 178 203 179 201 179 200 180 198 180 195 183 195 184 192 187 192 189 191 190 191 192 190 193 190 201 191 202 191 206 193 208 194 208 197 211 199 211 200 212 202 212 203 213 211 213 212 212 214 212 223 203 223 189 222 188 222 186 216 180 215 180 213 178 211 178
0 70 27 69 28 66 28 65 29 63 29 62 30 61 30 60 31 59 31 55 35 55 36 54 37 54 38 51 41 51 43 50 44 50 46 49 47 49 55 50 56 50 60 51 61 51 63 54 66 54 67 57 70 58 70 59 71 60 71 62 73 64 73 65 74 70 74 71 73 73 73 74 72 75 72 76 71 78 71 83 66 83 65 84 64 84 61 85 60 85 59 87 57 87 55 88 54 88 42 87 41 87 40 85 38 85 37 84 36 84 35 80 31 79 31 78 30 76 30 74 28 72 28 71 27
0 557 335 556 336 554 336 549 341 549 342 548 343 548 345 547 346 547 349 546 350 546 357 547 358 547 363 548 364 548 365 549 366 549 367 550 368 550 369 552 371 554 371 555 372 558 372 559 373 561 373 562 374 567 374 568 375 570 375 571 374 573 374 574 373 576 373 578 371 579 371 582 368 582 367 583 366 583 365 584 364 584 353 583 352 583 350 582 349 582 348 581 347 581 346 575 340 574 340 572 338 570 338 569 337 568 337 567 336 565 336 564 335
0 35 3 34 4 32 4 31 5 29 5 27 7 26 7 24 9 24 10 19 15 19 16 18 17 18 19 17 20 17 33 18 34 18 35 22 39 24 39 25 40 35 40 36 39 38 39 39 38 40 38 48 30 48 29 49 28 49 27 50 26 50 23 51 22 51 15 50 14 50 11 49 10 49 8 46 5 45 5 44 4 42 4 41 3
0 141 111 140 112 138 112 137 113 136 113 133 116 132 116 130 118 130 119 129 120 129 121 127 123 127 124 126 125 126 126 125 127 125 138 126 139 126 140 129 143 130 143 131 144 132 144 133 145 134 145 135 146 137 146 138 147 147 147 148 146 150 146 151 145 152 145 153 144 154 144 160 138 160 137 161 136 161 135 162 134 162 125 161 124 161 122 160 121 160 120 153 113 152 113 151 112 149 112 148 111
1 232 83 231 84 229 84 228 85 227 85 217 95 217 96 216 97 216 100 215 101 215 111 216 112 216 114 218 116 218 117 220 119 220 120 223 123 224 123 225 124 226 124 227 125 229 125 230 126 238 126 239 125 241 125 242 124 243 124 244 123 245 123 246 122 247 122 251 118 251 117 252 116 252 115 253 114 253 112 254 111 254 108 255 107 255 103 254 102 254 98 253 97 253 95 252 94 252 93 249 90 249 89 245 85 244 85 243 84 241 84 240 83
0 276 13 275 14 270 14 269 15 267 15 266 16 265 16 264 17 263 17 261 19 261 20 259 22 259 23 257 25 257 26 256 27 256 28 255 29 255 33 256 34 256 37 257 38 257 40 260 43 260 44 262 46 263 46 265 48 266 48 267 49 269 49 270 50 283 50 284 49 286 49 287 48 288 48 293 43 293 42 295 40 295 38 296 37 296 25 295 24 295 23 293 21 293 20 291 18 290 18 288 16 287 16 286 15 284 15 283 14 278 14 277 13
0 77 126 76 127 74 127 73 128 72 128 69 131 68 131 66 133 66 134 63 137 63 138 61 140 61 141 60 142 60 143 59 144 59 153 60 154 60 157 61 158 61 160 62 161 62 162 65 165 67 165 68 166 75 166 76 165 78 165 79 164 80 164 84 160 84 159 85 158 85 157 91 151 91 150 92 149 92 147 93 146 93 139 92 138 92 137 91 136 91 135 90 134 90 133 86 129 85 129 84 128 83 128 82 127 80 127 79 126
0 43 97 42 98 40 98 39 99 37 99 36 100 35 100 34 101 33 101 32 102 31 102 28 105 28 106 27 107 27 108 26 109 26 111 25 112 25 119 26 120 26 121 32 127 33 127 34 128 36 128 37 129 45 129 46 128 49 128 50 127 52 127 53 126 54 126 61 119 61 118 63 116 63 114 64 113 64 109 63 108 63 107 62 106 62 105 61 104 61 103 57 99 55 99 54 98 52 98 51 97
0 93 169 92 170 89 170 88 171 86 171 85 172 84 172 80 176 80 177 79 178 79 180 78 181 78 183 77 184 77 191 78 192 78 195 79 196 79 197 81 199 82 199 83 200 84 200 85 201 86 201 87 202 89 202 90 203 97 203 98 202 100 202 101 201 103 201 106 198 107 198 109 196 109 195 110 194 110 192 111 191 111 186 110 185 110 183 109 182 109 180 108 179 108 178 107 177 107 176 102 171 100 171 99 170 97 170 96 169
0 363 300 362 301 360 301 359 302 358 302 357 303 356 303 355 304 354 304 346 312 346 313 345 314 345 321 346 322 346 323 348 325 348 326 351 329 352 329 353 330 355 330 356 331 358 331 359 332 365 332 366 331 368 331 369 330 370 330 371 329 372 329 374 327 374 326 375 325 375 323 376 322 376 319 377 318 377 309 376 308 376 306 375 305 375 304 373 302 372 302 371 301 369 301 368 300
0 227 133 226 134 224 134 223 135 222 135 220 137 219 137 216 140 216 141 215 142 215 145 214 146 214 157 215 158 215 159 216 160 216 161 222 167 224 167 225 168 227 168 228 169 230 169 231 170 235 170 236 169 238 169 240 167 240 166 242 164 242 163 245 160 245 159 247 157 247 155 248 154 248 145 247 144 247 143 246 142 246 141 240 135 238 135 237 134 235 134 234 133
0 101 95 100 96 96 96 95 97 93 97 87 103 87 105 86 106 86 114 87 115 87 116 88 117 88 118 95 125 96 125 98 127 99 127 100 128 102 128 103 129 107 129 108 130 109 130 110 129 112 129 113 128 115 128 120 123 120 122 122 120 122 119 123 118 123 108 122 107 122 105 121 104 121 103 116 98 115 98 114 97 113 97 112 96 110 96 109 95
0 155 35 154 36 152 36 151 37 149 37 147 39 146 39 144 41 144 42 143 43 143 45 142 46 142 48 141 49 141 57 142 58 142 59 143 60 143 62 144 63 144 64 147 67 148 67 150 69 151 69 152 70 154 70 155 71 161 71 162 70 165 70 166 69 168 69 169 68 170 68 171 67 172 67 173 66 174 66 178 62 178 60 179 59 179 48 178 47 178 46 177 45 177 44 171 38 169 38 168 37 166 37 165 36 163 36 162 35
0 394 309 393 310 391 310 390 311 389 311 388 312 387 312 385 314 385 315 384 316 384 317 383 318 383 319 382 320 382 321 381 322 381 323 380 324 380 336 382 338 382 339 383 340 383 341 387 345 388 345 390 347 391 347 392 348 394 348 395 349 404 349 405 348 407 348 408 347 410 347 415 342 415 341 417 339 417 337 418 336 418 325 417 324 417 323 414 320 414 319 408 313 407 313 406 312 405 312 404 311 403 311 402 310 400 310 399 309
0 413 273 412 274 410 274 409 275 407 275 406 276 405 276 401 280 401 281 400 282 400 284 399 285 399 287 398 288 398 294 399 295 399 299 402 302 402 303 404 305 405 305 406 306 408 306 409 307 410 307 411 308 413 308 414 309 420 309 421 308 423 308 424 307 425 307 429 303 429 302 431 300 431 299 432 298 432 288 431 287 431 285 429 283 429 281 423 275 421 275 420 274 418 274 417 273
0 612 184 611 185 606 185 605 186 603 186 602 187 601 187 598 190 598 191 596 193 596 194 595 195 595 196 594 197 594 201 595 202 595 204 601 210 601 211 603 213 603 214 606 217 608 217 609 218 617 218 618 217 620 217 621 216 622 216 626 212 626 211 627 210 627 208 628 207 628 195 627 194 627 193 625 191 625 190 623 188 622 188 620 186 618 186 617 185 615 185 614 184
0 565 226 564 227 562 227 561 228 560 228 559 229 558 229 556 231 555 231 552 234 552 236 551 237 551 245 552 246 552 248 553 249 553 250 555 252 555 253 560 258 562 258 563 259 565 259 566 260 572 260 573 259 577 259 578 258 580 258 582 256 583 256 586 253 586 252 587 251 587 250 588 249 588 237 587 236 587 235 580 228 579 228 578 227 576 227 575 226
0 571 297 570 298 568 298 566 300 565 300 560 305 560 306 559 307 559 310 558 311 558 315 559 316 559 320 560 321 560 322 561 323 561 324 565 328 566 328 567 329 568 329 569 330 571 330 572 331 575 331 576 332 577 332 578 331 582 331 583 330 585 330 586 329 588 329 590 327 590 326 592 324 592 322 593 321 593 319 594 318 594 309 593 308 593 306 592 305 592 304 587 299 585 299 584 298 582 298 581 297
0 599 254 598 255 596 255 595 256 593 256 592 257 590 257 588 259 587 259 585 261 585 262 582 265 582 266 581 267 581 268 580 269 580 271 579 272 579 280 580 281 580 282 581 283 581 285 584 288 585 288 588 291 589 291 590 292 592 292 593 293 595 293 596 294 600 294 601 293 603 293 604 292 605 292 610 287 610 286 611 285 611 283 612 282 612 281 613 280 613 278 614 277 614 266 613 265 613 263 611 261 611 260 608 257 607 257 606 256 604 256 603 255 601 255 600 254
0 359 343 358 344 356 344 355 345 354 345 353 346 352 346 348 350 347 350 343 354 343 355 341 357 341 358 340 359 340 360 339 361 339 368 340 369 340 371 346 377 347 377 349 379 350 379 351 380 353 380 354 381 355 381 356 382 358 382 359 383 369 383 370 382 372 382 373 381 374 381 379 376 379 375 380 374 380 372 381 371 381 362 380 361 380 357 379 356 379 354 377 352 377 351 372 346 371 346 369 344 367 344 366 343
0 323 318 322 319 320 319 319 320 318 320 316 322 315 322 312 325 312 326 311 327 311 329 309 331 309 333 308 334 308 346 309 347 309 348 311 350 311 351 315 355 317 355 318 356 320 356 321 357 329 357 330 356 332 356 333 355 334 355 341 348 341 347 342 346 342 345 343 344 343 342 344 341 344 334 343 333 343 330 342 329 342 328 340 326 340 325 339 324 339 323 336 320 335 320 334 319 332 319 331 318
0 571 182 570 183 568 183 567 184 565 184 564 185 563 185 562 186 560 186 557 189 557 190 554 193 554 194 553 195 553 197 552 198 552 207 553 208 553 210 554 211 554 212 560 218 561 218 562 219 564 219 565 220 572 220 573 219 576 219 577 218 579 218 580 217 581 217 588 210 588 209 589 208 589 197 588 196 588 193 587 192 587 190 581 184 580 184 579 183 577 183 576 182
0 354 417 353 418 351 418 350 419 349 419 348 420 346 420 342 424 342 425 340 427 340 428 338 430 338 437 339 438 339 440 340 441 340 442 341 443 341 444 346 449 347 449 350 452 351 452 352 453 354 453 355 454 356 453 362 453 363 452 365 452 366 451 368 451 369 450 370 450 374 446 374 445 376 443 376 442 377 441 377 438 378 437 378 433 377 432 377 427 375 425 375 424 371 420 370 420 369 419 368 419 367 418 365 418 364 417
0 447 372 446 373 444 373 442 375 441 375 436 380 436 382 435 383 435 388 436 389 436 391 437 392 437 393 438 394 438 395 447 404 449 404 450 405 459 405 460 404 462 404 464 402 465 402 467 400 467 399 468 398 468 395 469 394 469 387 468 386 468 384 467 383 467 382 466 381 466 380 461 375 459 375 458 374 456 374 455 373 450 373 449 372
0 278 304 277 305 275 305 274 306 273 306 272 307 271 307 264 314 264 315 263 316 263 324 264 325 264 326 265 327 265 329 266 330 266 331 268 333 269 333 270 334 271 334 272 335 273 335 274 336 275 336 276 337 278 337 279 338 285 338 286 337 288 337 295 330 295 329 296 328 296 327 297 326 297 325 298 324 298 323 299 322 299 315 298 314 298 313 297 312 297 311 293 307 292 307 291 306 289 306 288 305 286 305 285 304
0 340 265 339 266 337 266 336 267 334 267 333 268 332 268 329 271 329 272 327 274 327 275 326 276 326 282 327 283 327 285 328 286 328 288 329 289 329 291 330 292 330 293 335 298 336 298 338 300 340 300 341 301 349 301 350 300 352 300 354 298 354 297 357 294 357 293 358 292 358 284 357 283 357 282 355 280 355 278 354 277 354 276 353 275 353 274 352 273 352 272 347 267 346 267 345 266 343 266 342 265
0 414 399 413 400 411 400 410 401 409 401 408 402 407 402 404 405 404 406 403 407 403 409 402 410 402 411 401 412 401 415 400 416 400 423 401 424 401 426 402 427 402 428 406 432 407 432 409 434 410 434 411 435 413 435 414 436 416 436 417 435 421 435 422 434 424 434 430 428 430 427 432 425 432 424 433 423 433 421 434 420 434 411 433 410 433 408 430 405 430 404 428 402 427 402 425 400 423 400 422 399
0 503 448 502 449 500 449 498 451 497 451 494 454 493 454 491 456 491 457 489 459 489 461 488 462 488 471 489 472 489 473 491 475 491 476 494 479 520 479 521 478 522 478 524 476 524 474 525 473 525 462 524 461 524 459 523 458 523 457 522 456 522 455 517 450 516 450 515 449 513 449 512 448
0 548 393 547 394 545 394 544 395 543 395 536 402 536 404 535 405 535 415 536 416 536 417 537 418 537 419 538 420 538 421 541 424 542 424 544 426 546 426 547 427 549 427 550 428 552 428 553 429 560 429 561 428 563 428 565 426 566 426 571 421 571 420 573 418 573 416 574 415 574 407 573 406 573 405 572 404 572 403 571 402 571 401 570 400 570 399 567 396 566 396 565 395 564 395 563 394 561 394 560 393
1 417 223 416 224 413 224 412 225 410 225 409 226 408 226 407 227 406 227 401 232 401 233 400 234 400 246 401 247 401 249 402 250 402 251 407 256 408 256 409 257 410 257 411 258 412 258 413 259 415 259 416 260 426 260 427 259 429 259 430 258 431 258 432 257 433 257 439 251 439 250 440 249 440 248 441 247 441 238 440 237 440 236 438 234 438 233 437 232 437 231 435 229 434 229 432 227 431 227 430 226 429 226 428 225 426 225 425 224 420 224 419 223
0 546 435 545 436 543 436 542 437 540 437 539 438 538 438 536 440 535 440 532 443 532 444 531 445 531 447 530 448 530 450 529 451 529 456 530 457 530 458 531 459 531 462 532 463 532 464 537 469 539 469 540 470 541 470 542 471 544 471 545 472 549 472 550 471 555 471 556 470 558 470 559 469 560 469 562 467 563 467 565 465 565 464 567 462 567 461 568 460 568 458 569 457 569 455 570 454 570 449 569 448 569 446 568 445 568 444 567 443 567 442 563 438 562 438 561 437 560 437 559 436 557 436 556 435
0 327 378 326 379 324 379 323 380 321 380 320 381 319 381 316 384 316 385 315 386 315 387 314 388 314 398 315 399 315 400 318 403 318 404 320 406 321 406 322 407 323 407 324 408 326 408 327 409 331 409 332 410 333 410 334 409 336 409 337 408 338 408 339 407 340 407 343 404 343 403 344 402 344 400 345 399 345 386 344 385 344 384 341 381 340 381 339 380 338 380 337 379 335 379 334 378
0 93 311 92 312 88 312 87 313 85 313 84 314 83 314 79 318 79 319 77 321 77 323 76 324 76 329 77 330 77 332 78 333 78 334 85 341 87 341 88 342 98 342 99 341 104 341 105 340 107 340 108 339 109 339 112 336 112 335 113 334 113 333 114 332 114 331 115 330 115 326 116 325 116 321 110 315 109 315 107 313 106 313 105 312 103 312 102 311
0 299 405 298 406 296 406 295 407 293 407 292 408 291 408 290 409 289 409 288 410 287 410 286 411 285 411 281 415 281 416 280 417 280 418 279 419 279 428 280 429 280 431 286 437 288 437 289 438 299 438 300 437 303 437 304 436 310 436 311 435 313 435 314 434 315 434 319 430 319 428 320 427 320 416 319 415 319 414 314 409 313 409 312 408 311 408 310 407 309 407 308 406 306 406 305 405
0 279 200 278 201 274 201 273 202 271 202 270 203 269 203 263 209 263 210 262 211 262 224 263 225 263 226 264 227 264 228 267 231 268 231 270 233 271 233 272 234 274 234 275 235 279 235 280 236 284 236 285 235 287 235 288 234 290 234 295 229 295 228 296 227 296 226 297 225 297 224 298 223 298 221 299 220 299 212 298 211 298 210 292 204 291 204 290 203 289 203 288 202 286 202 285 201 283 201 282 200
0 449 317 448 318 446 318 445 319 444 319 438 325 438 326 437 327 437 330 436 331 436 336 437 337 437 340 438 341 438 342 439 343 439 344 440 345 440 346 441 347 441 348 445 352 446 352 447 353 449 353 450 354 452 354 453 355 459 355 460 354 462 354 463 353 464 353 470 347 470 346 471 345 471 344 472 343 472 341 473 340 473 332 472 331 472 328 471 327 471 326 466 321 465 321 462 318 460 318 459 317
0 449 255 448 256 446 256 445 257 443 257 441 259 440 259 437 262 437 263 435 265 435 267 434 268 434 276 435 277 435 278 436 279 436 280 437 281 437 282 438 283 438 284 439 285 439 286 441 288 442 288 444 290 445 290 446 291 448 291 449 292 452 292 453 293 457 293 458 292 460 292 461 291 463 291 465 289 466 289 468 287 468 286 470 284 470 283 471 282 471 280 472 279 472 271 471 270 471 268 470 267 470 266 469 265 469 264 467 262 467 261 465 259 464 259 462 257 461 257 460 256 458 256 457 255
0 304 442 303 443 301 443 300 444 298 444 297 445 296 445 295 446 294 446 292 448 292 451 291 452 291 456 292 457 292 460 293 461 293 463 294 464 294 465 295 466 295 470 296 471 296 472 302 478 304 478 305 479 320 479 322 477 322 474 323 473 323 469 324 468 324 457 323 456 323 454 321 452 321 451 320 450 320 449 315 444 314 444 313 443 311 443 310 442
0 171 279 170 280 168 280 167 281 165 281 164 282 163 282 162 283 161 283 156 288 156 289 154 291 154 292 145 301 145 302 144 303 144 306 143 307 143 311 144 312 144 316 149 321 150 321 152 323 154 323 155 324 164 324 165 323 167 323 168 322 169 322 170 321 171 321 186 306 186 305 187 304 187 303 188 302 188 300 189 299 189 288 188 287 188 286 183 281 181 281 180 280 178 280 177 279
0 197 426 196 427 194 427 189 432 189 433 187 435 187 437 186 438 186 441 185 442 185 447 186 448 186 451 187 452 187 453 188 454 188 455 191 458 192 458 194 460 196 460 197 461 199 461 200 462 203 462 204 461 206 461 207 460 209 460 210 459 211 459 212 458 213 458 215 456 215 455 216 454 216 453 217 452 217 451 218 450 218 447 219 446 219 438 218 437 218 435 217 434 217 433 213 429 212 429 211 428 210 428 209 427 207 427 206 426
0 248 276 247 277 245 277 243 279 242 279 240 281 239 281 236 284 236 286 235 287 235 293 234 294 234 299 235 300 235 302 241 308 242 308 243 309 245 309 246 310 248 310 249 311 252 311 253 310 255 310 256 309 257 309 259 307 260 307 262 305 263 305 267 301 267 300 268 299 268 298 269 297 269 296 270 295 270 287 268 285 268 284 262 278 261 278 260 277 258 277 257 276
0 240 221 239 222 235 222 234 223 232 223 230 225 229 225 224 230 224 232 223 233 223 244 224 245 224 246 225 247 225 249 226 250 226 252 232 258 233 258 234 259 236 259 237 260 243 260 244 259 246 259 247 258 248 258 250 256 251 256 255 252 255 251 257 249 257 248 258 247 258 237 257 236 257 235 256 234 256 232 255 231 255 230 249 224 248 224 247 223 245 223 244 222 242 222 241 221
0 264 443 263 444 261 444 260 445 259 445 258 446 257 446 253 450 253 452 252 453 252 455 251 456 251 461 252 462 252 464 253 465 253 466 255 468 255 469 258 472 258 473 262 477 264 477 265 478 274 478 275 477 277 477 279 475 280 475 283 472 283 471 285 469 285 468 286 467 286 461 285 460 285 457 284 456 284 453 283 452 283 451 278 446 277 446 275 444 273 444 272 443
0 252 333 251 334 249 334 248 335 247 335 246 336 245 336 239 342 239 343 234 348 234 350 233 351 233 356 234 357 234 360 235 361 235 362 236 363 236 364 239 367 240 367 242 369 243 369 244 370 246 370 247 371 252 371 253 370 255 370 256 369 258 369 259 368 260 368 264 364 264 363 265 362 265 361 266 360 266 359 267 358 267 357 268 356 268 350 267 349 267 348 266 347 266 346 265 345 265 344 263 342 263 340 258 335 257 335 256 334 254 334 253 333
0 113 213 112 214 110 214 109 215 108 215 106 217 105 217 98 224 98 225 96 227 96 240 104 248 106 248 107 249 116 249 117 248 120 248 121 247 123 247 124 246 125 246 128 243 128 242 131 239 131 238 132 237 132 235 133 234 133 223 132 222 132 220 128 216 127 216 125 214 123 214 122 213
0 319 224 318 225 316 225 315 226 313 226 312 227 311 227 304 234 304 235 303 236 303 238 302 239 302 241 301 242 301 249 302 250 302 252 303 253 303 254 304 255 304 256 306 258 306 259 308 261 309 261 310 262 311 262 312 263 314 263 315 264 322 264 323 263 326 263 327 262 329 262 330 261 331 261 333 259 334 259 335 258 336 258 339 255 339 254 340 253 340 252 341 251 341 238 340 237 340 235 332 227 331 227 330 226 328 226 327 225 323 225 322 224
0 151 425 150 426 148 426 142 432 142 433 141 434 141 437 140 438 140 446 141 447 141 451 142 452 142 453 147 458 148 458 149 459 151 459 152 460 157 460 158 459 160 459 161 458 163 458 164 457 165 457 169 453 169 452 170 451 170 450 171 449 171 448 172 447 172 436 171 435 171 434 170 433 170 432 167 429 166 429 165 428 164 428 163 427 162 427 161 426 159 426 158 425
0 117 273 116 274 114 274 113 275 112 275 107 280 107 281 106 282 106 283 105 284 105 285 104 286 104 288 103 289 103 296 104 297 104 298 105 299 105 300 106 301 106 302 112 308 113 308 114 309 116 309 117 310 123 310 124 309 126 309 127 308 129 308 130 307 131 307 134 304 135 304 138 301 138 300 139 299 139 298 140 297 140 293 141 292 141 284 140 283 140 282 138 280 138 279 135 276 134 276 133 275 132 275 131 274 129 274 128 273
0 81 348 80 349 76 349 75 350 73 350 72 351 71 351 66 356 66 357 65 358 65 361 64 362 64 369 65 370 65 372 66 373 66 374 67 375 67 376 69 378 69 379 72 382 73 382 74 383 76 383 77 384 87 384 88 383 90 383 91 382 93 382 99 376 99 374 100 373 100 365 98 363 98 362 97 361 97 360 96 359 96 358 94 356 94 355 88 349 86 349 85 348
0 65 389 64 390 62 390 61 391 59 391 58 392 56 392 55 393 54 393 53 394 52 394 51 395 50 395 45 400 45 401 43 403 43 410 47 414 49 414 50 415 52 415 53 416 60 416 61 417 63 417 64 416 73 416 74 415 76 415 77 414 79 414 80 413 81 413 82 412 83 412 84 411 85 411 88 408 88 407 89 406 89 397 87 395 87 394 84 391 82 391 81 390 79 390 78 389
0 65 259 64 260 62 260 61 261 60 261 58 263 57 263 52 268 52 270 51 271 51 281 52 282 52 284 53 285 53 286 58 291 59 291 60 292 61 292 62 293 64 293 65 294 68 294 69 295 76 295 77 294 79 294 80 293 81 293 87 287 87 286 88 285 88 281 89 280 89 272 88 271 88 269 85 266 85 265 82 262 81 262 79 260 77 260 76 259
0 500 205 499 206 497 206 496 207 494 207 493 208 492 208 491 209 490 209 488 211 488 212 487 213 487 215 486 216 486 228 487 229 487 230 495 238 496 238 498 240 500 240 501 241 505 241 506 242 509 242 510 241 512 241 513 240 515 240 516 239 517 239 522 234 522 233 523 232 523 231 524 230 524 221 523 220 523 218 522 217 522 216 521 215 521 214 517 210 516 210 514 208 513 208 512 207 510 207 509 206 507 206 506 205
0 612 311 611 312 609 312 608 313 606 313 601 318 601 319 600 320 600 321 599 322 599 323 598 324 598 325 597 326 597 327 596 328 596 334 597 335 597 338 598 339 598 341 599 342 599 343 600 344 600 345 601 346 601 347 602 348 602 349 604 351 605 351 606 352 607 352 608 353 610 353 611 354 620 354 621 353 623 353 626 350 627 350 630 347 630 345 631 344 631 339 632 338 632 335 633 334 633 324 632 323 632 322 631 321 631 320 625 314 624 314 622 312 620 312 619 311
0 474 404 473 405 471 405 469 407 468 407 466 409 465 409 461 413 461 414 460 415 460 416 459 417 459 427 460 428 460 429 461 430 461 431 464 434 465 434 466 435 467 435 468 436 470 436 471 437 481 437 482 436 484 436 485 435 487 435 489 433 490 433 493 430 493 429 494 428 494 427 495 426 495 425 496 424 496 416 495 415 495 414 494 413 494 412 489 407 488 407 486 405 484 405 483 404
0 625 372 624 373 622 373 621 374 619 374 618 375 617 375 616 376 615 376 609 382 609 383 608 384 608 389 607 390 607 400 608 401 608 403 609 404 609 405 610 406 610 407 615 412 617 412 618 413 627 413 628 412 630 412 631 411 632 411 635 408 636 408 638 406 639 406 639 377 637 377 634 374 633 374 632 373 630 373 629 372
0 448 451 447 452 445 452 444 453 443 453 442 454 441 454 440 455 439 455 435 459 435 460 434 461 434 462 433 463 433 470 434 471 434 473 435 474 435 477 437 479 464 479 468 475 468 474 469 473 469 471 470 470 470 463 469 462 469 461 468 460 468 459 462 453 461 453 460 452 458 452 457 451
0 254 408 253 409 246 409 245 410 243 410 242 411 240 411 239 412 237 412 235 414 234 414 233 415 232 415 225 422 225 433 226 434 226 435 228 437 229 437 231 439 233 439 234 440 237 440 238 441 243 441 244 440 246 440 247 439 250 439 251 438 253 438 254 437 256 437 260 433 260 432 261 431 261 430 263 428 263 426 264 425 264 416 262 414 262 413 259 410 258 410 257 409 255 409
0 49 357 48 358 46 358 45 359 43 359 41 361 40 361 37 364 37 365 34 368 34 369 33 370 33 371 32 372 32 373 30 375 30 376 29 377 29 379 28 380 28 389 29 390 29 392 33 396 35 396 36 397 38 397 39 396 41 396 42 395 44 395 47 392 48 392 53 387 53 386 54 385 54 384 55 383 55 382 57 380 57 378 58 377 58 362 57 361 57 360 55 358 53 358 52 357
1 301 55 297 56 295 57 293 58 288 61 286 63 285 65 285 73 286 75 289 78 291 86 293 88 295 89 298 91 300 92 305 92 307 90 308 87 310 87 312 85 317 78 317 76 316 69 315 65 314 63 311 58 308 57 305 55
1 299 72 296 73 294 74 291 77 290 77 288 79 284 87 284 93 286 96 289 99 293 102 295 103 297 104 307 104 310 103 312 102 314 101 317 99 322 94 323 92 324 90 326 84 325 81 315 73 313 72
1 231 55 228 56 222 59 218 63 217 65 216 67 216 71 217 74 218 76 219 78 221 81 225 85 228 88 233 90 244 89 246 88 247 87 252 81 254 78 254 71 253 67 252 65 251 63 246 58 243 56 241 55
0 500 366 497 367 495 368 493 369 490 372 487 376 484 382 484 392 487 398 490 401 497 406 499 407 504 407 507 406 510 405 512 404 514 403 520 397 521 395 522 391 522 383 521 380 514 372 510 368 507 366
0 609 419 606 420 604 421 601 423 599 425 597 428 596 430 595 433 595 439 596 442 597 445 599 448 604 453 606 454 609 455 618 455 621 454 627 451 630 448 631 445 631 436 630 433 629 430 626 424 622 420 620 419
1 26 293 20 296 18 298 14 306 13 310 13 318 14 320 15 322 20 327 24 330 26 331 28 332 33 333 37 333 42 331 44 330 46 329 49 326 50 324 51 322 51 315 50 311 46 303 42 298 41 297 40 297 38 295 36 294 33 293
1 48 423 46 423 44 424 39 429 38 429 34 433 33 436 32 439 32 449 33 451 35 453 35 454 36 455 37 455 42 459 44 460 48 460 51 462 54 460 57 459 64 452 65 450 66 448 67 445 68 442 68 437 68 433 64 429 64 428 61 425 59 424 56 423 50 422
1 64 433 61 434 56 434 53 435 47 438 46 440 45 442 44 447 43 453 43 458 46 460 48 461 50 461 51 463 54 464 57 466 60 467 63 468 68 467 70 466 73 464 77 461 83 455 84 453 85 451 86 445 86 442 85 440 81 436 79 435 77 434 74 433 71 434 66 432
1 12 313 17 312 24 313 31 316 36 321 39 327 39 336 37 343 32 348 22 351 18 351 13 351 9 347 7 345 0 342 0 323 1 321 7 317 7 317
0 545 284 542 285 540 286 538 287 535 290 533 293 532 296 531 299 531 304 532 309 535 313 539 317 542 319 545 320 553 320 555 319 557 317 557 310 558 308 560 305 566 299 568 295 567 293 566 291 563 288 559 285 556 284
0 23 143 17 144 15 145 13 146 9 150 7 153 6 156 6 168 7 170 12 176 15 179 19 182 23 184 25 184 26 183 28 183 30 183 32 183 34 179 40 173 42 168 42 162 41 158 40 154 39 152 37 150 37 149 36 148 35 148 33 146 31 145 29 144
1 42 161 41 162 36 162 32 163 26 166 22 170 19 174 19 175 16 177 16 179 20 183 26 186 29 187 32 188 49 188 52 187 56 185 58 183 60 180 61 177 61 173 60 171 58 168 53 163 51 162 46 161
1 158 152 155 153 149 156 145 160 143 163 142 166 141 171 142 177 143 179 146 182 148 183 151 184 155 185 162 185 166 184 171 182 175 180 177 179 179 172 179 164 178 161 177 159 173 155 171 154 169 153 165 152
1 165 173 163 174 161 175 157 178 156 179 151 185 150 188 150 192 151 196 152 198 155 202 156 203 157 203 159 205 161 206 164 207 169 207 172 206 174 205 176 204 180 200 181 198 182 196 183 193 184 190 184 187 183 183 182 180 181 178 178 174 174 174 173 173
1 114 447 112 448 109 450 106 453 106 454 102 458 101 461 100 466 101 471 103 475 106 479 124 479 127 479 128 478 132 478 134 477 136 475 138 472 138 463 137 461 136 459 134 456 132 453 129 450 126 448 123 447
1 536 348 533 349 530 350 528 351 522 355 518 359 517 361 516 363 516 371 517 373 518 374 523 378 526 379 530 380 537 380 541 379 545 378 547 377 549 376 556 369 556 367 555 365 556 361 557 360 557 358 555 355 552 352 548 350 546 348
1 0 35 0 73 2 72 4 72 6 71 10 68 15 63 16 61 17 59 18 56 18 48 17 44 16 42 14 40 11 38 5 35
0 67 0 65 3 64 6 64 15 65 17 70 22 73 23 79 25 93 25 98 23 101 21 104 18 105 16 106 14 106 7 105 5 104 3 101 0
1 319 0 319 4 320 7 321 9 326 14 329 16 331 17 333 18 344 18 346 17 348 16 351 14 354 11 355 9 356 7 356 0
1 363 0 366 4 368 5 370 6 373 7 383 7 386 6 388 5 393 0
0 534 0 534 6 535 10 536 13 537 15 538 16 543 20 545 21 547 22 554 22 558 21 561 19 564 16 567 12 568 9 569 2 568 0
1 588 0 588 2 589 4 594 9 599 11 608 11 613 9 615 8 622 0
0 627 45 621 48 618 50 614 54 613 58 613 68 614 70 616 73 621 78 623 79 627 80 631 80 636 79 637 78 639 78 639 48 635 46 631 45
1 634 31 632 33 630 36 628 39 627 42 627 45 626 46 626 48 629 51 631 56 639 63 639 29
1 634 208 632 211 631 213 630 216 630 219 631 223 632 226 635 230 639 233 639 203
0 635 261 632 262 629 263 624 268 622 271 620 274 619 279 620 287 621 289 623 292 625 294 628 296 630 297 632 298 639 299 639 261
0 630 454 624 457 617 460 615 461 611 465 608 470 607 473 608 479 639 479 639 456 637 456 635 454 633 453
0 403 466 400 467 398 468 396 469 393 472 391 476 392 479 423 479 423 477 422 475 421 473 417 469 415 468 413 467 410 466
0 0 261 0 299 2 298 4 298 6 297 13 290 14 288 15 285 16 281 16 277 15 273 14 270 13 268 12 266 10 263 8 262 2 261
1 0 429 0 463 3 463 5 462 7 461 11 458 15 454 16 452 16 446 15 444 14 442 11 437 9 435 4 431
1 99 459 92 463 90 466 88 469 86 472 85 475 86 479 119 479 121 478 120 472 119 471 119 467 118 465 111 459 106 459 104 457
1 343 459 340 460 338 461 335 463 333 465 331 468 330 470 329 473 329 479 358 479 357 465 352 460 350 459
1 352 464 350 466 348 467 348 468 345 470 343 472 341 474 338 478 338 479 382 478 381 476 379 473 377 471 376 471 373 468 371 467 366 465 363 464 358 464 354 463