0 516 124 515 125 513 125 510 128 509 128 502 135 502 136 501 137 501 142 500 143 500 148 501 149 501 152 502 153 502 156 507 161 508 161 510 163 512 163 513 164 524 164 525 163 527 163 528 162 529 162 530 161 531 161 534 158 534 157 535 156 535 155 537 153 537 151 538 150 538 138 537 137 537 135 536 134 536 133 533 130 533 129 530 126 529 126 528 125 526 125 525 124
0 493 89 492 90 486 90 485 91 483 91 481 93 480 93 474 99 474 100 472 102 472 104 471 105 471 111 472 112 472 119 473 120 473 121 479 127 480 127 481 128 483 128 484 129 488 129 489 128 493 128 494 129 496 129 497 128 499 128 509 118 509 115 510 114 510 101 502 93 501 93 498 90 496 90 495 89
0 292 161 291 162 289 162 286 165 284 165 283 166 282 166 281 167 280 167 278 169 278 170 276 172 276 173 275 174 275 175 274 176 274 190 275 191 275 192 278 195 278 196 284 202 284 203 288 207 290 207 291 208 294 208 295 207 297 207 300 204 300 203 309 194 309 193 310 192 310 190 311 189 311 179 310 178 310 177 309 176 309 172 304 167 304 166 302 164 301 164 300 163 298 163 297 162 294 162 293 161
0 363 63 362 64 360 64 359 65 355 65 354 66 352 66 350 68 350 69 349 70 347 70 346 71 345 71 343 73 343 76 342 77 342 81 343 82 343 88 344 89 344 90 346 92 347 92 350 95 350 96 352 98 354 98 355 99 359 99 360 100 362 100 363 101 368 101 369 100 371 100 372 101 374 101 375 100 377 100 382 95 384 95 387 92 387 85 388 84 388 78 387 77 387 74 384 71 383 71 378 66 376 66 375 65 369 65 368 64 366 64 365 63
0 573 166 572 167 570 167 569 168 567 168 565 170 565 171 558 178 558 183 557 184 557 193 558 194 558 195 559 196 559 197 563 201 565 201 566 202 568 202 569 203 571 203 572 204 581 204 582 203 585 203 586 202 588 202 590 200 590 199 595 194 595 193 596 192 596 180 595 179 595 177 594 176 594 175 593 174 593 173 590 170 589 170 588 169 587 169 586 168 584 168 583 167 581 167 580 166
0 421 32 420 33 418 33 417 34 416 34 415 35 414 35 413 36 412 36 411 37 410 37 408 39 408 40 406 42 406 43 405 44 405 49 407 51 407 52 408 53 408 54 411 57 413 57 414 58 415 58 416 59 418 59 419 60 428 60 429 59 431 59 433 57 434 57 435 56 436 56 441 51 441 43 438 40 438 39 435 36 433 36 432 35 431 35 429 33 427 33 426 32
0 577 55 576 56 574 56 572 58 572 60 570 62 570 63 568 65 568 72 569 73 569 81 574 86 574 87 575 88 575 89 582 96 584 96 585 97 592 97 593 96 595 96 596 95 598 95 602 91 602 90 604 88 604 87 606 85 606 80 607 79 607 73 606 72 606 70 605 69 605 67 602 64 601 64 600 63 599 63 598 62 597 62 596 61 595 61 590 56 588 56 587 55
0 343 152 342 153 338 153 337 154 335 154 334 155 332 155 328 159 328 160 326 162 326 163 325 164 325 166 324 167 324 174 325 175 325 177 327 179 327 180 330 183 331 183 333 185 335 185 336 186 338 186 339 187 341 187 342 188 355 188 356 187 358 187 359 186 360 186 362 184 363 184 366 181 366 180 367 179 367 177 368 176 368 175 369 174 369 168 368 167 368 166 367 165 367 164 366 163 366 162 361 157 360 157 359 156 358 156 357 155 355 155 354 154 352 154 351 153 349 153 348 152
0 588 118 587 119 585 119 584 120 581 120 580 121 578 121 571 128 570 128 568 130 568 142 569 143 569 145 570 146 570 147 572 149 572 150 576 154 578 154 579 155 581 155 582 156 584 156 585 157 587 157 588 158 591 158 592 157 594 157 595 156 596 156 597 155 599 155 602 152 602 150 607 145 607 138 608 137 608 132 607 131 607 130 606 129 606 128 605 127 605 125 602 122 601 122 600 121 598 121 597 120 596 120 595 119 593 119 592 118
0 452 56 451 57 449 57 448 58 447 58 446 59 444 59 442 61 442 62 440 64 440 65 438 67 438 77 439 78 439 81 440 82 440 83 441 84 441 85 445 89 446 89 448 91 449 91 450 92 452 92 453 93 455 93 456 94 462 94 463 93 465 93 466 92 468 92 470 90 471 90 474 87 474 86 476 84 476 82 477 81 477 71 476 70 476 69 471 64 470 64 469 63 469 62 465 58 464 58 463 57 461 57 460 56
0 428 136 427 137 425 137 424 138 423 138 421 140 420 140 417 143 417 144 415 146 415 147 413 149 413 151 412 152 412 164 413 165 413 166 414 167 414 168 416 170 416 171 422 177 423 177 424 178 426 178 427 179 437 179 438 178 440 178 441 177 442 177 448 171 448 170 449 169 449 159 450 158 450 151 449 150 449 147 448 146 448 145 441 138 439 138 438 137 434 137 433 136
0 325 91 324 92 322 92 321 93 319 93 318 94 317 94 315 96 314 96 312 98 312 99 311 100 311 102 310 103 310 105 309 106 309 116 310 117 310 118 311 119 311 120 312 121 312 122 317 127 318 127 319 128 321 128 322 129 324 129 325 130 332 130 333 129 335 129 336 128 337 128 338 127 339 127 344 122 344 121 345 120 345 119 346 118 346 117 347 116 347 114 348 113 348 108 347 107 347 104 343 100 343 99 338 94 337 94 335 92 333 92 332 91
0 472 138 471 139 469 139 468 140 466 140 465 141 464 141 463 142 462 142 459 145 459 146 458 147 458 148 457 149 457 159 456 160 456 165 457 166 457 168 464 175 465 175 466 176 468 176 469 177 477 177 478 176 481 176 482 175 484 175 485 174 487 174 492 169 492 168 493 167 493 166 494 165 494 154 493 153 493 151 492 150 492 149 491 148 491 147 486 142 485 142 484 141 483 141 482 140 481 140 480 139 478 139 477 138
0 359 7 358 8 356 8 355 9 352 9 351 10 349 10 346 13 346 14 345 15 345 18 344 19 344 20 343 21 343 29 344 30 344 32 348 36 348 37 351 40 353 40 354 41 355 41 356 42 358 42 359 43 364 43 365 44 367 44 368 43 370 43 371 42 372 42 373 41 374 41 379 36 379 35 380 34 380 33 381 32 381 22 380 21 380 18 371 9 369 9 368 8 363 8 362 7
0 59 411 58 412 55 412 54 413 52 413 51 414 49 414 44 419 44 420 43 421 43 423 42 424 42 426 41 427 41 436 42 437 42 439 43 440 43 441 44 442 44 443 48 447 49 447 51 449 52 449 53 450 54 450 55 451 57 451 58 452 63 452 64 451 66 451 67 450 69 450 71 448 72 448 78 442 78 441 79 440 79 437 80 436 80 426 79 425 79 421 77 419 77 418 72 413 71 413 70 412 68 412 67 411
0 52 367 51 368 49 368 48 369 46 369 45 370 44 370 43 371 42 371 36 377 36 378 35 379 35 380 34 381 34 383 33 384 33 393 34 394 34 396 35 397 35 398 41 404 42 404 43 405 45 405 46 406 52 406 53 405 56 405 57 404 59 404 60 403 61 403 62 402 63 402 66 399 66 398 69 395 69 394 70 393 70 391 71 390 71 378 70 377 70 376 64 370 63 370 61 368 59 368 58 367
0 261 199 260 200 258 200 257 201 255 201 254 202 253 202 248 207 247 207 243 211 243 212 242 213 242 217 241 218 241 225 242 226 242 227 248 233 250 233 251 234 254 234 255 235 257 235 258 234 260 234 262 232 263 232 264 231 265 231 266 230 267 230 268 229 269 229 270 228 271 228 277 222 278 222 280 220 280 219 281 218 281 209 279 207 279 206 273 200 271 200 270 199
0 49 286 48 287 46 287 45 288 44 288 40 292 40 293 39 294 39 306 40 307 40 308 41 309 41 310 42 311 42 312 48 318 49 318 50 319 51 319 52 320 53 320 54 321 56 321 57 322 61 322 62 321 64 321 65 320 66 320 67 319 69 319 70 318 71 318 74 315 74 314 75 313 75 304 74 303 74 302 73 301 73 300 72 299 72 298 71 297 71 296 70 295 70 294 64 288 63 288 62 287 60 287 59 286
0 112 336 111 337 109 337 108 338 107 338 101 344 101 345 100 346 100 355 101 356 101 361 106 366 106 367 108 369 109 369 110 370 112 370 113 371 117 371 118 372 119 372 120 371 123 371 124 370 126 370 127 369 128 369 129 368 130 368 133 365 133 364 135 362 135 361 136 360 136 358 137 357 137 349 136 348 136 345 135 344 135 343 130 338 128 338 127 337 123 337 122 336
0 198 327 197 328 195 328 194 329 193 329 192 330 190 330 189 331 188 331 181 338 180 338 177 341 177 342 176 343 176 344 175 345 175 358 176 359 176 360 178 362 178 363 181 366 182 366 183 367 185 367 186 368 188 368 189 369 191 369 192 368 194 368 195 367 196 367 197 366 198 366 200 364 201 364 203 362 204 362 205 361 206 361 207 360 208 360 210 358 210 357 212 355 212 354 213 353 213 352 214 351 214 347 215 346 215 341 214 340 214 338 213 337 213 335 207 329 206 329 205 328 203 328 202 327
0 68 330 67 331 65 331 64 332 63 332 58 337 58 338 57 339 57 341 56 342 56 349 57 350 57 352 58 353 58 354 59 355 59 356 65 362 66 362 67 363 68 363 69 364 70 364 73 367 75 367 76 368 83 368 84 367 86 367 87 366 88 366 92 362 92 361 93 360 93 359 94 358 94 351 93 350 93 344 92 343 92 342 91 341 91 340 89 338 89 337 86 334 85 334 83 332 82 332 81 331 79 331 78 330
0 166 288 165 289 163 289 162 290 160 290 154 296 154 297 153 298 153 305 154 306 154 311 153 312 153 318 154 319 154 320 161 327 162 327 163 328 165 328 166 329 170 329 171 328 173 328 174 327 175 327 176 326 177 326 187 316 187 314 188 313 188 303 187 302 187 300 186 299 186 298 178 290 177 290 176 289 174 289 173 288
0 273 20 272 21 270 21 268 23 267 23 264 26 264 27 261 30 261 36 262 37 262 39 263 40 263 42 264 43 264 44 265 45 265 46 268 49 268 50 271 53 273 53 274 54 286 54 287 53 289 53 290 52 291 52 295 48 295 46 296 45 296 41 297 40 297 34 293 30 293 29 291 27 291 25 287 21 285 21 284 20
0 547 86 546 87 544 87 542 89 541 89 540 90 539 90 536 93 536 96 535 97 535 102 536 103 536 106 537 107 537 109 538 110 538 111 540 113 540 114 543 117 544 117 547 120 548 120 549 121 550 121 551 122 553 122 554 123 556 123 557 124 562 124 563 123 565 123 566 122 568 122 574 116 574 115 575 114 575 100 569 94 569 93 566 90 565 90 563 88 562 88 561 87 559 87 558 86
0 392 169 391 170 389 170 388 171 387 171 386 172 385 172 381 176 381 177 380 178 380 179 379 180 379 190 380 191 380 193 381 194 381 195 386 200 387 200 388 201 389 201 390 202 392 202 393 203 402 203 403 202 405 202 406 201 407 201 409 199 410 199 412 197 412 196 413 195 413 194 414 193 414 192 415 191 415 184 414 183 414 181 412 179 412 178 406 172 405 172 404 171 403 171 402 170 400 170 399 169
0 397 108 396 109 393 109 392 110 390 110 389 111 388 111 382 117 382 118 381 119 381 135 382 136 382 137 389 144 390 144 391 145 392 145 393 146 395 146 396 147 399 147 400 146 403 146 404 145 406 145 412 139 412 138 415 135 415 134 416 133 416 132 417 131 417 127 416 126 416 122 415 121 415 118 414 117 414 116 409 111 407 111 406 110 404 110 403 109 399 109 398 108
0 411 63 410 64 407 64 406 65 404 65 402 67 401 67 399 69 399 70 398 71 398 72 397 73 397 75 396 76 396 81 395 82 395 94 396 95 396 96 398 98 398 99 400 101 402 101 403 102 405 102 406 103 408 103 409 104 412 104 413 105 414 104 416 104 417 103 419 103 420 102 422 102 428 96 428 95 429 94 429 93 430 92 430 90 431 89 431 79 430 78 430 76 425 71 425 70 422 67 420 67 419 66 417 66 416 65 415 65 414 64 412 64
0 395 0 394 1 394 2 392 4 392 5 391 6 391 9 390 10 390 11 387 14 387 24 388 25 388 29 391 32 392 32 394 34 396 34 397 35 402 35 403 34 405 34 409 30 410 30 411 29 412 29 414 27 415 27 417 25 417 23 418 22 418 20 421 17 421 16 422 15 422 11 421 10 421 8 422 7 422 2 420 0
0 606 20 605 21 601 21 600 22 598 22 597 23 595 23 594 24 592 24 591 25 590 25 585 30 585 36 584 37 584 41 585 42 585 44 586 45 586 46 588 48 589 48 591 50 592 50 595 53 596 53 597 54 598 54 600 56 601 56 602 57 604 57 605 58 608 58 609 59 615 59 616 58 618 58 619 57 620 57 622 55 623 55 627 51 627 50 628 49 628 48 629 47 629 46 630 45 630 36 629 35 629 33 628 32 628 30 621 23 620 23 619 22 618 22 617 21 615 21 614 20
0 178 17 177 18 175 18 174 19 172 19 171 20 170 20 166 24 166 25 165 26 165 29 164 30 164 39 165 40 165 42 166 43 166 44 172 50 173 50 177 54 178 54 179 55 181 55 182 56 190 56 191 55 193 55 194 54 196 54 197 53 198 53 202 49 202 47 203 46 203 36 202 35 202 33 201 32 201 31 200 30 200 29 199 28 199 27 196 24 195 24 192 21 191 21 190 20 189 20 188 19 186 19 185 18 182 18 181 17
0 240 124 239 125 237 125 234 128 233 128 228 133 228 134 227 135 227 136 226 137 226 138 225 139 225 141 224 142 224 150 225 151 225 154 226 155 226 156 229 159 229 160 234 165 235 165 236 166 238 166 239 167 248 167 249 166 251 166 259 158 259 157 260 156 260 154 261 153 261 146 262 145 262 140 261 139 261 137 260 136 260 135 259 134 259 133 257 131 257 130 253 126 252 126 251 125 249 125 248 124
0 218 91 217 92 215 92 214 93 212 93 208 97 208 99 207 100 207 111 208 112 208 114 210 116 210 117 215 122 216 122 217 123 219 123 220 124 227 124 228 123 230 123 233 120 234 120 238 116 238 112 239 111 239 105 238 104 238 101 236 99 236 98 233 95 232 95 230 93 229 93 228 92 226 92 225 91
0 103 220 102 221 100 221 99 222 98 222 97 223 96 223 91 228 91 229 90 230 90 231 89 232 89 234 88 235 88 241 89 242 89 244 90 245 90 246 91 247 91 248 92 249 92 250 98 256 99 256 100 257 102 257 103 258 105 258 106 259 113 259 114 258 118 258 119 257 121 257 122 256 123 256 126 253 127 253 129 251 129 250 131 248 131 245 132 244 132 235 131 234 131 233 130 232 130 231 129 230 129 229 128 228 128 227 126 225 125 225 123 223 122 223 121 222 120 222 119 221 117 221 116 220
0 111 174 110 175 108 175 107 176 105 176 104 177 103 177 102 178 101 178 94 185 94 186 93 187 93 189 92 190 92 200 93 201 93 203 95 205 95 206 99 210 100 210 101 211 102 211 103 212 105 212 106 213 115 213 116 212 118 212 119 211 120 211 121 210 122 210 128 204 128 203 129 202 129 201 130 200 130 197 131 196 131 192 130 191 130 189 129 188 129 185 128 184 128 182 123 177 122 177 121 176 119 176 118 175 115 175 114 174
0 71 0 70 1 68 1 67 2 65 2 61 6 61 7 59 9 59 12 58 13 58 24 60 26 60 27 61 28 61 29 62 30 62 31 64 33 64 34 66 36 67 36 68 37 70 37 71 38 73 38 74 39 77 39 78 40 80 40 81 39 83 39 84 38 85 38 86 37 88 37 89 36 90 36 94 32 94 31 95 30 95 27 96 26 96 18 95 17 95 16 94 15 94 14 93 13 93 10 92 9 92 8 88 4 87 4 85 2 84 2 83 1 81 1 80 0
0 322 335 321 336 318 336 317 337 315 337 309 343 309 344 308 345 308 348 307 349 307 356 308 357 308 359 309 360 309 361 310 362 310 363 315 368 316 368 317 369 319 369 320 370 328 370 329 369 331 369 332 368 333 368 334 367 335 367 339 363 339 362 340 361 340 360 341 359 341 356 342 355 342 346 341 345 341 344 340 343 340 342 334 336 332 336 331 335
0 227 417 226 418 221 418 220 419 218 419 217 420 216 420 209 427 209 429 208 430 208 438 209 439 209 441 210 442 210 443 214 447 215 447 217 449 218 449 219 450 221 450 222 451 225 451 226 452 237 452 238 451 240 451 241 450 243 450 248 445 248 444 250 442 250 441 251 440 251 429 250 428 250 427 243 420 242 420 241 419 239 419 238 418 236 418 235 417
0 212 366 211 367 209 367 208 368 206 368 204 370 202 370 201 371 200 371 197 374 197 376 196 377 196 379 195 380 195 391 196 392 196 394 199 397 199 398 203 402 205 402 206 403 210 403 211 404 216 404 217 403 219 403 220 402 221 402 222 401 223 401 226 398 227 398 231 394 231 393 232 392 232 391 233 390 233 378 232 377 232 376 231 375 231 373 228 370 227 370 225 368 223 368 222 367 220 367 219 366
0 50 242 49 243 47 243 46 244 45 244 44 245 41 245 40 246 38 246 36 248 35 248 33 250 33 251 31 253 31 254 30 255 30 263 31 264 31 265 32 266 32 267 37 272 38 272 39 273 41 273 42 274 45 274 46 275 53 275 54 274 57 274 58 273 60 273 61 272 62 272 63 271 64 271 73 262 73 254 72 253 72 252 71 251 71 250 67 246 66 246 65 245 64 245 63 244 61 244 60 243 58 243 57 242
0 31 200 30 201 26 201 25 202 23 202 21 204 20 204 18 206 18 207 17 208 17 209 16 210 16 211 15 212 15 228 16 229 16 231 23 238 25 238 26 239 27 239 28 240 29 240 30 241 32 241 33 242 34 242 35 241 37 241 38 240 39 240 40 239 41 239 42 238 44 238 46 236 47 236 50 233 50 232 51 231 51 230 53 228 53 215 52 214 52 213 51 212 51 211 50 210 50 209 46 205 45 205 42 202 40 202 39 201 34 201 33 200
0 233 34 232 35 230 35 228 37 227 37 226 38 225 38 222 41 222 42 221 43 221 45 220 46 220 47 219 48 219 53 220 54 220 56 227 63 227 64 229 66 231 66 232 67 234 67 236 69 238 69 239 70 242 70 243 71 251 71 252 70 254 70 255 69 256 69 258 67 258 66 259 65 259 64 260 63 260 62 261 61 261 53 259 51 259 50 258 49 258 48 257 47 257 46 256 45 256 44 252 40 250 40 247 37 246 37 245 36 243 36 242 35 234 35
0 302 0 298 4 298 5 297 6 297 7 296 8 296 10 295 11 295 17 296 18 296 20 297 21 297 22 299 24 299 25 307 33 308 33 309 34 311 34 312 35 322 35 323 34 325 34 326 33 327 33 329 31 330 31 333 28 333 27 334 26 334 24 335 23 335 22 336 21 336 18 337 17 337 12 336 11 336 9 335 8 335 6 333 4 333 3 331 1 330 1 329 0
0 31 30 30 31 27 31 26 32 24 32 23 33 22 33 21 34 20 34 19 35 18 35 16 37 16 38 15 39 15 40 14 41 14 42 13 43 13 46 12 47 12 53 13 54 13 56 14 57 14 58 15 59 15 60 16 61 16 62 19 65 20 65 22 67 23 67 24 68 26 68 27 69 37 69 38 68 40 68 41 67 42 67 43 66 44 66 47 63 47 62 50 59 50 58 51 57 51 56 52 55 52 44 51 43 51 41 50 40 50 39 43 32 41 32 40 31 38 31 37 30
0 132 117 131 118 125 118 124 119 122 119 120 121 119 121 113 127 113 128 112 129 112 131 111 132 111 146 112 147 112 148 117 153 119 153 120 154 123 154 124 155 129 155 130 154 132 154 133 153 135 153 139 149 140 149 141 148 142 148 143 147 144 147 146 145 146 144 147 143 147 142 148 141 148 139 149 138 149 128 148 127 148 126 147 125 147 124 145 122 145 121 143 119 142 119 141 118 139 118 138 117
0 85 83 84 84 82 84 81 85 79 85 78 86 77 86 75 88 74 88 71 91 71 92 68 95 68 98 67 99 67 109 68 110 68 112 70 114 70 115 72 117 72 118 75 121 76 121 78 123 79 123 80 124 82 124 83 125 85 125 86 126 96 126 97 125 99 125 100 124 101 124 107 118 107 117 109 115 109 113 110 112 110 102 109 101 109 99 108 98 108 96 107 95 107 94 106 93 106 92 100 86 99 86 98 85 97 85 96 84 94 84 93 83
0 154 154 153 155 151 155 150 156 148 156 146 158 145 158 143 160 142 160 141 161 140 161 138 163 138 164 137 165 137 166 136 167 136 169 135 170 135 172 134 173 134 178 135 179 135 180 136 181 136 183 137 184 137 186 138 187 138 189 142 193 144 193 145 194 148 194 149 195 155 195 156 194 160 194 161 193 163 193 175 181 175 179 176 178 176 174 177 173 177 163 174 160 173 160 172 159 171 159 170 158 169 158 168 157 167 157 166 156 164 156 163 155 160 155 159 154
0 181 119 180 120 178 120 177 121 175 121 169 127 169 128 168 129 168 130 167 131 167 133 166 134 166 142 167 143 167 144 168 145 168 146 175 153 176 153 177 154 178 154 179 155 181 155 182 156 185 156 186 157 190 157 191 156 193 156 194 155 196 155 197 154 198 154 204 148 204 147 205 146 205 145 206 144 206 141 207 140 207 132 206 131 206 130 205 129 205 128 202 125 201 125 197 121 195 121 194 120 192 120 191 119
0 45 154 44 155 41 155 40 156 38 156 37 157 36 157 29 164 29 165 27 167 27 169 26 170 26 172 25 173 25 182 26 183 26 185 27 186 27 187 31 191 32 191 33 192 35 192 36 193 39 193 40 194 48 194 49 193 51 193 52 192 53 192 54 191 55 191 57 189 58 189 61 186 61 185 62 184 62 183 63 182 63 180 64 179 64 177 65 176 65 167 64 166 64 164 63 163 63 162 58 157 57 157 56 156 55 156 54 155 52 155 51 154
0 214 162 213 163 211 163 210 164 209 164 208 165 205 165 204 166 202 166 199 169 199 170 196 173 196 174 195 175 195 176 194 177 194 191 195 192 195 194 196 195 196 196 197 197 197 198 198 199 198 200 200 202 202 202 203 203 211 203 212 202 214 202 215 201 216 201 222 195 222 194 223 193 223 192 224 191 224 190 225 189 225 188 227 186 227 173 226 172 226 171 224 169 224 168 219 163 217 163 216 162
0 571 381 570 382 568 382 562 388 562 389 560 391 560 402 561 403 561 405 568 412 569 412 570 413 571 413 573 415 575 415 576 416 584 416 585 417 592 417 593 416 595 416 599 412 599 411 600 410 600 408 601 407 601 402 600 401 600 398 599 397 599 395 595 391 595 390 593 388 593 387 590 384 588 384 587 383 586 383 585 382 583 382 582 381
0 506 308 505 309 503 309 499 313 498 313 497 314 496 314 493 317 493 318 492 319 492 321 491 322 491 323 490 324 490 330 491 331 491 335 492 336 492 337 495 340 496 340 501 345 503 345 504 346 514 346 515 345 519 345 520 344 522 344 523 343 524 343 529 338 530 338 534 334 534 330 535 329 535 320 534 319 534 317 533 316 533 314 530 311 529 311 528 310 526 310 525 309 523 309 522 308
0 345 373 344 374 340 374 339 375 337 375 336 376 335 376 331 380 331 381 329 383 329 386 328 387 328 397 329 398 329 401 330 402 330 404 331 405 331 407 332 408 332 409 336 413 337 413 339 415 340 415 341 416 343 416 344 417 352 417 353 416 355 416 356 415 357 415 359 413 360 413 363 410 363 409 364 408 364 406 365 405 365 404 366 403 366 389 365 388 365 387 363 385 363 384 361 382 361 381 357 377 356 377 354 375 352 375 351 374 349 374 348 373
0 291 386 290 387 288 387 287 388 286 388 284 390 283 390 280 393 280 394 278 396 278 399 277 400 277 409 278 410 278 412 279 413 279 414 281 416 281 417 286 422 287 422 289 424 290 424 291 425 293 425 294 426 303 426 304 425 306 425 307 424 309 424 310 423 311 423 314 420 314 419 315 418 315 417 316 416 316 414 317 413 317 405 316 404 316 401 315 400 315 398 313 396 313 395 307 389 306 389 305 388 304 388 303 387 301 387 300 386
0 397 417 396 418 392 418 391 419 389 419 382 426 382 428 381 429 381 431 380 432 380 439 381 440 381 443 382 444 382 445 383 446 383 447 388 452 389 452 391 454 392 454 393 455 395 455 396 456 398 456 399 457 403 457 404 456 407 456 408 455 410 455 411 454 412 454 413 453 414 453 419 448 419 447 420 446 420 445 421 444 421 442 422 441 422 438 423 437 423 429 419 425 418 425 414 421 413 421 411 419 409 419 408 418 406 418 405 417
0 393 374 392 375 390 375 389 376 387 376 386 377 385 377 384 378 383 378 376 385 376 387 375 388 375 398 376 399 376 401 377 402 377 403 380 406 381 406 384 409 385 409 386 410 388 410 389 411 391 411 392 412 401 412 402 411 405 411 406 410 408 410 409 409 410 409 412 407 413 407 417 403 417 402 419 400 419 399 420 398 420 387 419 386 419 384 413 378 412 378 410 376 408 376 407 375 404 375 403 374
0 428 298 427 299 425 299 424 300 423 300 422 301 421 301 420 302 419 302 416 305 416 306 414 308 414 309 413 310 413 311 412 312 412 313 411 314 411 321 412 322 412 327 413 328 413 331 417 335 418 335 419 336 420 336 421 337 423 337 424 338 432 338 433 337 435 337 436 336 437 336 443 330 443 328 444 327 444 326 445 325 445 313 444 312 444 311 443 310 443 309 442 308 442 307 441 306 441 305 439 303 438 303 435 300 434 300 433 299 431 299 430 298
0 490 361 489 362 487 362 486 363 485 363 484 364 482 364 476 370 476 371 475 372 475 384 476 385 476 387 482 393 483 393 485 395 486 395 487 396 489 396 490 397 502 397 503 396 505 396 510 391 510 390 512 388 512 387 513 386 513 376 512 375 512 373 511 372 511 371 510 370 510 369 505 364 504 364 503 363 502 363 501 362 499 362 498 361
0 413 250 412 251 410 251 409 252 407 252 406 253 405 253 402 256 402 257 401 258 401 260 400 261 400 262 399 263 399 266 398 267 398 277 399 278 399 281 400 282 400 283 401 284 401 285 406 290 407 290 409 292 410 292 411 293 413 293 414 294 419 294 420 293 423 293 424 292 426 292 427 291 429 291 431 289 431 288 433 286 433 285 436 282 436 281 437 280 437 278 438 277 438 266 437 265 437 263 436 262 436 260 435 259 435 258 429 252 427 252 426 251 424 251 423 250
0 537 348 536 349 533 349 532 350 530 350 529 351 527 351 526 352 525 352 522 355 522 357 521 358 521 359 520 360 520 370 523 373 523 374 528 379 529 379 531 381 531 388 533 390 535 390 536 391 537 390 539 390 542 387 543 387 544 386 548 386 549 385 551 385 552 384 553 384 554 383 555 383 556 382 557 382 562 377 562 376 564 374 564 373 565 372 565 367 564 366 564 365 563 364 563 363 562 362 562 360 561 359 561 358 557 354 557 353 554 350 552 350 551 349 546 349 545 348
0 318 201 317 202 315 202 314 203 313 203 301 215 301 216 300 217 300 229 301 230 301 232 303 234 303 235 307 239 308 239 309 240 310 240 311 241 313 241 314 242 315 241 319 241 320 240 322 240 323 239 328 239 329 238 331 238 334 235 334 234 335 233 335 232 336 231 336 230 337 229 337 226 338 225 338 223 339 222 339 216 338 215 338 213 337 212 337 211 335 209 335 208 330 203 329 203 328 202 326 202 325 201
0 467 269 466 270 464 270 463 271 461 271 459 273 458 273 452 279 452 280 451 281 451 282 450 283 450 285 449 286 449 297 450 298 450 300 451 301 451 302 452 303 452 304 458 310 459 310 460 311 462 311 463 312 465 312 466 313 471 313 472 312 475 312 476 311 478 311 479 310 480 310 481 309 482 309 483 308 484 308 485 307 486 307 492 301 492 300 493 299 493 298 494 297 494 286 493 285 493 284 489 280 489 279 486 276 486 275 482 271 481 271 480 270 478 270 477 269
0 508 195 507 196 505 196 503 198 502 198 501 199 500 199 497 202 497 204 496 205 496 208 495 209 495 212 494 213 494 219 495 220 495 221 496 222 496 223 498 225 498 226 500 228 501 228 503 230 505 230 506 231 519 231 520 230 522 230 524 228 525 228 528 225 528 224 530 222 530 221 531 220 531 217 532 216 532 211 531 210 531 208 530 207 530 206 529 205 529 204 527 202 527 201 525 199 524 199 523 198 522 198 521 197 519 197 518 196 516 196 515 195
0 560 208 559 209 557 209 556 210 555 210 554 211 553 211 552 212 551 212 548 215 548 216 547 217 547 219 546 220 546 221 545 222 545 235 546 236 546 237 547 238 547 239 553 245 554 245 556 247 558 247 559 248 567 248 568 247 570 247 571 246 572 246 573 245 574 245 575 244 576 244 579 241 579 240 582 237 582 235 583 234 583 223 582 222 582 220 580 218 580 217 575 212 574 212 573 211 571 211 570 210 567 210 566 209 564 209 563 208
0 493 448 492 449 490 449 489 450 488 450 487 451 486 451 485 452 484 452 483 453 482 453 479 456 479 458 478 459 478 461 477 462 477 470 478 471 478 473 479 474 479 475 480 476 480 477 482 479 514 479 515 478 517 478 519 476 519 463 518 462 518 461 517 460 517 459 516 458 516 457 512 453 511 453 510 452 509 452 508 451 507 451 506 450 504 450 503 449 501 449 500 448
0 385 301 384 302 382 302 381 303 380 303 374 309 374 310 373 311 373 312 372 313 372 316 371 317 371 320 370 321 370 327 371 328 371 330 372 331 372 332 373 333 373 334 375 336 375 337 377 339 378 339 380 341 381 341 382 342 384 342 385 343 391 343 392 342 394 342 395 341 396 341 397 340 398 340 403 335 403 334 404 333 404 331 405 330 405 316 404 315 404 311 403 310 403 309 396 302 394 302 393 301
0 577 294 576 295 571 295 570 296 568 296 567 297 566 297 564 299 563 299 560 302 560 303 559 304 559 305 557 307 557 308 556 309 556 310 555 311 555 317 556 318 556 320 557 321 557 322 558 323 558 324 563 329 564 329 565 330 567 330 568 331 571 331 572 332 577 332 578 331 580 331 581 330 583 330 584 329 586 329 592 323 592 322 593 321 593 319 594 318 594 309 593 308 593 306 592 305 592 303 591 302 591 301 589 299 588 299 586 297 584 297 583 296 582 296 581 295 579 295 578 294
0 362 217 361 218 359 218 358 219 357 219 356 220 355 220 354 221 353 221 350 224 349 224 345 228 345 231 344 232 344 234 341 237 341 241 342 242 342 243 343 244 343 245 346 248 348 248 349 249 364 249 365 250 366 249 368 249 369 248 370 248 373 245 374 245 378 241 379 241 382 238 382 237 383 236 383 224 382 223 382 222 379 219 378 219 377 218 375 218 374 217
0 157 404 156 405 154 405 153 406 151 406 148 409 147 409 143 413 143 414 142 415 142 416 140 418 140 419 139 420 139 429 140 430 140 431 141 432 141 433 147 439 149 439 150 440 152 440 153 441 158 441 159 440 164 440 165 439 167 439 168 438 169 438 172 435 173 435 177 431 177 430 178 429 178 428 179 427 179 418 178 417 178 414 177 413 177 412 176 411 176 410 174 408 173 408 171 406 169 406 168 405 165 405 164 404
0 91 264 90 265 88 265 87 266 85 266 83 268 82 268 77 273 77 274 75 276 75 279 74 280 74 291 75 292 75 293 78 296 78 298 79 299 79 300 80 301 80 302 82 304 83 304 85 306 87 306 88 307 91 307 92 308 95 308 96 307 99 307 100 306 102 306 106 302 106 301 110 297 110 296 112 294 112 293 113 292 113 288 114 287 114 281 113 280 113 278 112 277 112 275 110 273 110 272 106 268 105 268 104 267 103 267 102 266 100 266 99 265 97 265 96 264
0 167 445 166 446 163 446 162 447 160 447 159 448 157 448 156 449 154 449 146 457 146 459 145 460 145 463 144 464 144 471 145 472 145 473 146 474 146 475 148 477 150 477 151 478 158 478 159 479 160 478 176 478 177 477 179 477 182 474 182 473 184 471 184 470 185 469 185 468 186 467 186 458 185 457 185 455 180 450 179 450 177 448 176 448 174 446 172 446 171 445
0 274 234 273 235 271 235 270 236 269 236 268 237 267 237 266 238 265 238 264 239 263 239 259 243 259 244 258 245 258 246 257 247 257 250 256 251 256 255 257 256 257 259 258 260 258 262 261 265 261 266 263 268 264 268 267 271 268 271 269 272 271 272 272 273 280 273 281 272 283 272 284 271 285 271 287 269 288 269 289 268 290 268 293 265 293 264 294 263 294 261 295 260 295 250 294 249 294 248 293 247 293 246 292 245 292 244 288 240 287 240 285 238 284 238 283 237 281 237 280 236 279 236 278 235 276 235 275 234
0 269 339 268 340 265 340 264 341 262 341 261 342 260 342 259 343 258 343 256 345 256 346 255 347 255 348 254 349 254 350 252 352 252 353 250 355 250 357 249 358 249 370 250 371 250 372 251 373 251 374 253 376 253 377 256 380 257 380 258 381 260 381 261 382 270 382 271 381 273 381 274 380 275 380 276 379 277 379 279 377 280 377 282 375 282 374 285 371 285 370 286 369 286 368 287 367 287 366 288 365 288 354 287 353 287 351 286 350 286 348 285 347 285 346 282 343 281 343 279 341 277 341 276 340 273 340 272 339
0 242 271 241 272 239 272 238 273 236 273 235 274 234 274 233 275 232 275 231 276 230 276 228 278 228 279 226 281 226 282 225 283 225 284 224 285 224 286 223 287 223 289 222 290 222 299 223 300 223 302 224 303 224 304 229 309 230 309 231 310 232 310 233 311 235 311 236 312 238 312 239 313 251 313 252 312 254 312 256 310 257 310 262 305 262 304 264 302 264 299 265 298 265 288 264 287 264 284 263 283 263 282 261 280 261 279 257 275 256 275 254 273 253 273 252 272 250 272 249 271
0 198 251 197 252 195 252 194 253 193 253 192 254 191 254 189 256 188 256 186 258 186 259 184 261 184 262 182 264 182 265 181 266 181 268 180 269 180 279 181 280 181 281 182 282 182 283 184 285 184 286 189 291 190 291 192 293 194 293 195 294 204 294 205 293 207 293 208 292 210 292 212 290 213 290 215 288 215 287 217 285 217 283 218 282 218 280 219 279 219 278 220 277 220 274 221 273 221 267 220 266 220 263 219 262 219 261 218 260 218 259 213 254 212 254 211 253 210 253 209 252 207 252 206 251
0 111 441 110 442 108 442 107 443 106 443 105 444 104 444 98 450 98 451 97 452 97 453 96 454 96 455 95 456 95 459 94 460 94 465 95 466 95 469 96 470 96 471 98 473 98 474 102 478 103 478 104 479 126 479 130 475 130 474 132 472 132 470 133 469 133 465 134 464 134 458 133 457 133 452 132 451 132 450 130 448 130 447 127 444 126 444 125 443 124 443 123 442 121 442 120 441
0 352 256 351 257 349 257 343 263 343 264 342 265 342 275 343 276 343 277 347 281 347 282 351 286 352 286 353 287 354 287 355 288 356 288 358 290 359 290 362 293 364 293 365 294 367 294 368 295 373 295 374 294 377 294 378 293 380 293 385 288 385 287 386 286 386 277 385 276 385 274 384 273 384 272 382 270 382 269 378 265 378 264 375 261 374 261 373 260 372 260 371 259 370 259 369 258 368 258 367 257 365 257 364 256
0 424 204 423 205 420 205 419 206 417 206 411 212 411 213 410 214 410 216 409 217 409 229 410 230 410 231 412 233 412 234 419 241 421 241 422 242 423 242 424 243 426 243 427 244 435 244 436 243 438 243 444 237 444 235 445 234 445 232 446 231 446 224 445 223 445 222 444 221 444 220 442 218 442 217 440 215 440 214 438 212 438 211 437 210 437 209 434 206 432 206 431 205 427 205 426 204
0 534 419 533 420 531 420 530 421 529 421 527 423 526 423 525 424 524 424 520 428 520 431 519 432 519 440 520 441 520 443 521 444 521 445 526 450 527 450 528 451 529 451 530 452 532 452 533 453 544 453 545 452 547 452 548 451 549 451 554 446 554 444 555 443 555 441 556 440 556 437 558 435 558 430 556 428 556 427 553 424 552 424 549 421 548 421 547 420 545 420 544 419
0 459 183 458 184 456 184 455 185 453 185 452 186 451 186 450 187 449 187 445 191 445 192 444 193 444 194 443 195 443 206 444 207 444 209 447 212 447 213 449 215 449 216 453 220 454 220 456 222 458 222 459 223 461 223 462 224 471 224 472 223 474 223 475 222 477 222 478 221 479 221 484 216 484 215 485 214 485 212 486 211 486 208 487 207 487 202 486 201 486 200 485 199 485 198 484 197 484 196 481 193 481 192 477 188 476 188 475 187 474 187 473 186 471 186 470 185 468 185 467 184 465 184 464 183
0 231 319 230 320 228 320 226 322 225 322 223 324 223 325 221 327 221 328 220 329 220 337 221 338 221 341 222 342 222 343 224 345 224 346 228 350 229 350 230 351 232 351 233 352 240 352 241 351 243 351 248 346 248 345 249 344 249 343 250 342 250 341 251 340 251 334 250 333 250 331 249 330 249 328 248 327 248 326 243 321 241 321 240 320 237 320 236 319
0 157 222 156 223 154 223 153 224 151 224 150 225 149 225 144 230 144 231 143 232 143 235 142 236 142 243 143 244 143 248 144 249 144 250 149 255 150 255 151 256 152 256 153 257 155 257 156 258 161 258 162 257 166 257 167 256 169 256 170 255 171 255 172 254 173 254 176 251 176 250 178 248 178 246 179 245 179 234 178 233 178 232 177 231 177 230 173 226 172 226 170 224 168 224 167 223 165 223 164 222
0 622 243 621 244 619 244 618 245 617 245 616 246 615 246 611 250 611 251 610 252 610 253 609 254 609 256 608 257 608 264 609 265 609 267 610 268 610 269 612 271 612 272 614 274 615 274 617 276 618 276 619 277 621 277 622 278 630 278 631 277 633 277 634 276 635 276 639 272 639 248 636 245 635 245 634 244 632 244 631 243
0 137 71 127 72 124 73 121 75 115 81 114 84 114 89 116 93 120 101 123 104 126 106 128 107 136 110 139 110 140 109 144 109 146 108 148 107 151 105 153 102 154 100 155 97 155 88 154 86 152 84 152 82 151 80 149 78 144 74 139 71
0 137 35 135 36 131 40 130 43 130 46 132 50 133 50 134 51 137 55 137 59 136 62 135 64 137 67 139 70 141 72 144 74 151 79 153 80 159 80 162 79 164 78 166 77 170 73 171 71 172 69 172 58 163 49 161 45 154 38 148 35
0 127 292 124 293 122 294 120 295 113 302 111 305 110 307 110 310 110 321 110 323 111 325 113 327 116 329 119 330 130 330 136 327 141 322 142 320 143 318 144 315 144 303 143 300 142 298 139 295 137 294 135 293 131 292
1 337 291 333 292 331 293 328 295 326 297 322 304 321 307 321 312 322 315 323 317 326 321 327 322 330 323 332 325 333 328 340 329 347 329 350 328 352 327 355 325 357 323 359 320 360 318 361 315 361 308 360 303 359 301 355 297 350 293 348 292 346 291
0 308 292 302 295 298 299 295 305 294 308 294 315 295 318 296 321 297 323 303 329 305 330 307 331 316 331 324 327 329 323 330 321 331 312 331 308 328 304 327 302 326 297 325 297 320 293 317 292
0 270 72 264 73 262 74 259 76 256 78 253 82 252 84 251 86 251 96 253 101 256 105 259 108 265 111 277 111 283 108 288 103 289 101 290 99 291 96 291 88 290 85 289 83 288 81 283 76 280 74 278 73 274 73 273 72
0 488 28 484 29 482 30 480 31 477 33 474 36 471 42 471 50 472 53 474 56 480 62 482 63 484 64 487 65 494 65 498 64 501 63 506 59 507 58 507 57 509 55 510 53 510 47 509 42 508 39 507 37 501 31 499 31 497 29 494 28
1 516 14 513 15 509 19 502 23 495 30 494 33 494 42 494 43 495 44 498 47 503 47 505 49 507 49 509 50 515 49 518 48 527 43 531 39 534 33 535 30 535 25 534 22 531 18 528 16 526 15 522 14
1 528 262 521 263 518 264 516 265 512 269 511 271 510 273 510 279 508 285 507 287 508 291 510 294 512 297 515 299 531 299 534 298 536 297 538 296 541 294 544 291 545 289 546 287 547 283 547 276 546 273 543 267 543 265 541 265 540 264 531 264
0 576 426 572 427 569 428 567 430 566 430 564 436 561 441 561 450 562 453 565 456 568 458 570 459 573 460 582 459 588 460 591 460 594 458 596 455 598 452 599 450 599 447 598 446 598 443 599 437 598 434 597 432 594 428 590 426
0 586 445 583 447 580 447 578 448 579 451 578 453 576 456 573 458 572 471 572 476 574 478 578 479 589 479 598 477 599 475 600 472 602 470 603 470 606 467 609 463 610 460 609 458 607 456 607 453 603 453 600 450 600 448 597 445 591 446
0 497 239 495 240 493 241 488 246 487 248 486 252 486 262 487 265 488 267 491 271 496 277 499 279 502 280 511 280 518 278 523 278 527 273 528 268 527 264 528 254 527 251 526 249 521 243 518 242 515 240 511 239
0 2 0 0 3 0 9 2 12 4 21 7 23 13 26 16 27 21 27 28 24 30 23 37 16 39 11 40 5 40 2 39 0
0 100 0 99 2 99 6 100 11 101 13 102 15 105 19 106 20 107 20 112 24 115 25 128 25 131 24 137 21 139 19 140 17 141 15 143 10 143 4 142 3 142 0
1 150 0 151 3 154 9 156 11 160 13 163 15 169 15 174 13 188 13 192 10 194 10 197 8 198 6 199 4 199 0
0 484 0 481 4 484 7 485 11 487 14 490 16 492 17 497 17 505 13 509 9 513 8 516 6 519 4 520 2 520 0
1 569 0 569 5 570 8 571 10 572 12 575 15 578 17 580 18 585 18 589 17 592 16 598 13 601 12 608 13 612 12 617 7 618 5 619 0
1 635 98 627 102 624 105 622 108 621 115 621 117 622 122 623 124 630 131 632 132 634 133 637 134 639 134 639 98
1 635 182 631 186 629 189 626 195 626 204 627 207 628 209 631 212 635 215 637 216 639 216 639 180
1 639 281 637 282 634 284 630 288 629 290 628 293 627 297 627 302 628 305 629 307 630 309 632 312 635 314 637 315 639 315
0 631 322 628 323 626 324 624 325 619 330 618 332 617 334 616 338 616 341 617 345 618 348 620 350 620 351 621 352 622 352 627 356 635 356 636 355 639 355 639 323 637 323 636 322
1 0 178 0 214 4 211 7 207 8 205 9 203 10 200 10 192 9 188 8 186 7 184
1 0 244 0 286 6 284 8 285 11 284 16 281 19 280 18 273 19 268 18 264 17 259 15 256 11 252 11 251 8 248 6 248 3 245
0 3 299 2 300 0 300 0 337 4 337 5 338 12 338 20 335 22 333 23 330 27 326 28 323 28 311 27 308 25 305 23 303 20 301 18 300 14 299
1 0 344 0 385 3 384 6 382 10 378 11 378 14 375 17 369 18 365 18 358 17 354 16 352 10 346 8 345 5 344
1 203 462 198 464 192 470 190 473 188 477 188 479 226 479 226 475 223 469 218 464 216 463 214 462
0 309 451 308 455 304 455 301 457 295 463 294 466 292 471 293 476 292 478 332 478 332 474 331 469 330 467 327 464 326 461 324 459 322 458 319 458 314 456 312 454 311 451
0 401 467 398 468 396 469 394 470 392 472 391 472 390 473 390 474 388 476 388 479 426 478 424 476 424 475 420 471 412 467 408 466
1 631 424 624 428 620 432 620 433 615 438 614 440 613 444 612 448 613 452 614 454 615 456 620 461 625 462 627 462 632 461 633 460 637 460 639 459 639 423
1 636 362 635 363 631 363 628 364 626 365 622 369 619 375 618 382 618 384 619 389 620 392 622 394 627 398 629 399 639 399 639 362