0 328 44 327 45 322 45 321 46 319 46 313 52 313 53 312 54 312 55 311 56 311 58 310 59 310 63 311 64 311 66 312 67 312 68 314 70 314 71 315 72 315 73 321 79 323 79 324 80 331 80 332 79 336 79 337 78 339 78 340 77 341 77 346 72 346 71 348 69 348 68 349 67 349 57 348 56 348 55 347 54 347 53 341 47 340 47 339 46 337 46 336 45 330 45 329 44
0 584 172 583 173 580 173 579 174 577 174 576 175 574 175 571 178 571 179 570 180 570 181 569 182 569 183 568 184 568 186 567 187 567 192 568 193 568 195 569 196 569 197 570 198 570 199 571 200 571 201 574 204 575 204 577 206 579 206 580 207 592 207 593 206 595 206 600 201 600 200 602 198 602 197 604 195 604 193 605 192 605 183 604 182 604 180 602 178 602 177 599 174 597 174 596 173 594 173 593 172
0 386 89 385 90 383 90 382 91 381 91 379 93 378 93 376 95 376 96 374 98 374 99 373 100 373 112 374 113 374 115 376 117 376 118 380 122 381 122 382 123 383 123 384 124 386 124 387 125 394 125 395 124 397 124 398 123 400 123 406 117 406 116 407 115 407 114 408 113 408 102 407 101 407 99 405 97 405 96 403 94 402 94 399 91 398 91 397 90 395 90 394 89
0 456 79 455 80 452 80 451 81 449 81 447 83 446 83 442 87 442 88 441 89 441 90 440 91 440 94 439 95 439 99 440 100 440 103 441 104 441 106 443 108 443 109 445 111 446 111 448 113 449 113 450 114 451 114 452 115 454 115 455 116 464 116 465 115 467 115 469 113 470 113 474 109 474 108 476 106 476 104 477 103 477 92 476 91 476 90 475 89 475 88 474 87 474 86 472 84 471 84 469 82 468 82 467 81 465 81 464 80 461 80 460 79
0 326 2 325 3 323 3 322 4 320 4 319 5 318 5 316 7 315 7 313 9 313 10 311 12 311 14 310 15 310 25 311 26 311 27 312 28 312 29 319 36 320 36 321 37 323 37 324 38 334 38 335 37 337 37 338 36 339 36 340 35 341 35 344 32 344 31 346 29 346 28 347 27 347 25 348 24 348 16 347 15 347 13 346 12 346 11 345 10 345 9 342 6 341 6 340 5 339 5 338 4 336 4 335 3 333 3 332 2
0 537 50 536 51 534 51 533 52 532 52 531 53 530 53 523 60 523 61 522 62 522 63 521 64 521 67 520 68 520 75 521 76 521 78 522 79 522 80 527 85 529 85 531 87 532 87 535 90 536 90 537 91 539 91 540 92 546 92 547 91 549 91 550 90 551 90 554 87 555 87 557 85 557 84 558 83 558 82 559 81 559 80 560 79 560 75 561 74 561 69 560 68 560 65 559 64 559 63 558 62 558 61 555 58 555 57 552 54 551 54 549 52 548 52 547 51 545 51 544 50
0 544 3 543 4 541 4 540 5 539 5 534 10 534 11 533 12 533 13 532 14 532 15 531 16 531 24 532 25 532 26 533 27 533 28 534 29 534 30 538 34 539 34 540 35 542 35 543 36 552 36 553 35 555 35 556 34 557 34 562 29 562 28 563 27 563 26 564 25 564 24 565 23 565 13 564 12 564 10 563 9 563 8 560 5 559 5 558 4 556 4 555 3
0 417 3 416 4 414 4 407 11 407 12 406 13 406 14 405 15 405 26 406 27 406 28 407 29 407 30 408 31 408 32 411 35 412 35 415 38 417 38 418 39 429 39 430 38 432 38 433 37 434 37 435 36 436 36 441 31 441 30 442 29 442 28 443 27 443 14 442 13 442 12 441 11 441 10 436 5 435 5 434 4 432 4 431 3
0 584 51 583 52 581 52 579 54 578 54 572 60 572 62 571 63 571 75 572 76 572 77 577 82 579 82 580 83 591 83 592 82 594 82 596 80 597 80 600 77 600 76 601 75 601 74 602 73 602 71 603 70 603 65 602 64 602 62 601 61 601 60 600 59 600 58 596 54 595 54 594 53 592 53 591 52 588 52 587 51
0 411 59 410 60 408 60 407 61 405 61 398 68 398 69 397 70 397 71 396 72 396 78 397 79 397 81 401 85 402 85 405 88 406 88 407 89 408 89 409 90 411 90 412 91 421 91 422 90 424 90 425 89 426 89 432 83 432 82 433 81 433 71 432 70 432 69 431 68 431 67 425 61 424 61 423 60 421 60 420 59
0 144 163 143 164 141 164 140 165 139 165 138 166 137 166 135 168 134 168 132 170 132 171 131 172 131 173 130 174 130 182 131 183 131 185 132 186 132 188 133 189 133 190 139 196 140 196 141 197 143 197 144 198 152 198 153 197 155 197 156 196 157 196 158 195 159 195 161 193 161 192 163 190 163 189 165 187 165 186 166 185 166 176 165 175 165 174 164 173 164 172 163 171 163 170 159 166 158 166 157 165 156 165 155 164 153 164 152 163
0 63 173 62 174 60 174 59 175 58 175 52 181 52 182 51 183 51 185 50 186 50 191 51 192 51 194 52 195 52 197 58 203 60 203 61 204 70 204 71 203 73 203 75 201 76 201 79 198 79 197 80 196 80 195 81 194 81 193 82 192 82 184 81 183 81 181 80 180 80 179 76 175 74 175 73 174 70 174 69 173
0 74 71 73 72 71 72 70 73 69 73 68 74 67 74 63 78 63 79 61 81 61 84 60 85 60 90 61 91 61 94 62 95 62 96 63 97 63 98 68 103 69 103 70 104 72 104 73 105 78 105 79 104 82 104 83 103 85 103 86 102 87 102 93 96 93 95 94 94 94 92 95 91 95 82 94 81 94 80 93 79 93 78 89 74 88 74 87 73 86 73 85 72 83 72 82 71
0 82 25 81 26 79 26 78 27 76 27 75 28 74 28 70 32 70 33 69 34 69 35 68 36 68 39 67 40 67 49 68 50 68 52 69 53 69 54 70 55 70 56 73 59 74 59 75 60 76 60 77 61 79 61 80 62 83 62 84 61 88 61 89 60 91 60 92 59 93 59 100 52 100 50 101 49 101 40 100 39 100 36 99 35 99 33 97 31 97 30 95 28 94 28 92 26 90 26 89 25
0 600 116 599 117 597 117 596 118 595 118 591 122 591 123 590 124 590 125 589 126 589 127 588 128 588 133 589 134 589 136 594 141 594 142 597 145 599 145 600 146 602 146 603 147 611 147 612 146 614 146 618 142 618 141 619 140 619 139 620 138 620 137 621 136 621 126 620 125 620 124 614 118 613 118 612 117 610 117 609 116
0 622 240 621 241 619 241 618 242 617 242 615 244 615 245 614 246 614 247 613 248 613 251 612 252 612 256 613 257 613 260 614 261 614 262 615 263 615 264 618 267 619 267 620 268 622 268 623 269 625 269 626 270 628 270 629 269 633 269 634 268 636 268 639 265 639 246 638 245 638 244 636 242 635 242 634 241 632 241 631 240
0 336 179 335 180 333 180 332 181 331 181 330 182 329 182 328 183 327 183 322 188 322 189 321 190 321 191 320 192 320 201 321 202 321 203 323 205 323 206 325 208 326 208 328 210 329 210 330 211 332 211 333 212 342 212 343 211 345 211 346 210 348 210 355 203 355 202 356 201 356 190 355 189 355 187 349 181 347 181 346 180 344 180 343 179
0 528 176 527 177 525 177 524 178 523 178 518 183 517 183 514 186 514 187 513 188 513 189 512 190 512 193 511 194 511 203 512 204 512 208 513 209 513 210 520 217 522 217 523 218 533 218 534 217 536 217 537 216 538 216 539 215 540 215 543 212 543 211 546 208 546 207 547 206 547 204 548 203 548 189 547 188 547 186 546 185 546 184 545 183 545 182 543 180 542 180 540 178 538 178 537 177 535 177 534 176
0 491 191 490 192 486 192 485 193 483 193 482 194 481 194 476 199 476 200 475 201 475 203 474 204 474 212 475 213 475 215 477 217 477 218 484 225 486 225 487 226 489 226 490 227 491 226 497 226 498 225 500 225 501 224 502 224 504 222 504 221 506 219 506 218 508 216 508 215 509 214 509 202 504 197 503 197 500 194 499 194 498 193 496 193 495 192 493 192 492 191
0 499 157 498 158 496 158 488 166 487 166 485 168 485 169 484 170 484 176 485 177 485 178 487 180 487 181 491 185 493 185 494 186 496 186 497 187 499 187 500 188 505 188 506 187 508 187 509 186 511 186 514 183 514 181 515 180 515 168 514 167 514 166 513 165 513 164 509 160 508 160 506 158 504 158 503 157
0 472 131 471 132 469 132 468 133 467 133 466 134 465 134 462 137 462 138 460 140 460 141 459 142 459 151 460 152 460 153 461 154 461 155 462 156 462 157 466 161 467 161 469 163 471 163 472 164 479 164 480 163 482 163 483 162 484 162 490 156 490 155 491 154 491 153 492 152 492 142 491 141 491 139 486 134 485 134 484 133 483 133 482 132 480 132 479 131
0 353 114 352 115 349 115 348 116 346 116 344 118 343 118 339 122 339 123 338 124 338 126 337 127 337 132 338 133 338 134 339 135 339 136 345 142 346 142 347 143 349 143 350 144 358 144 359 143 361 143 362 142 363 142 368 137 368 136 369 135 369 133 370 132 370 127 369 126 369 124 368 123 368 122 364 118 363 118 361 116 359 116 358 115 356 115 355 114
0 112 86 111 87 109 87 108 88 107 88 106 89 105 89 99 95 99 96 97 98 97 111 99 113 99 114 100 115 100 116 102 118 103 118 105 120 106 120 107 121 109 121 110 122 121 122 122 121 124 121 126 119 127 119 128 118 129 118 131 116 131 115 132 114 132 113 133 112 133 110 134 109 134 99 133 98 133 97 132 96 132 95 131 94 131 93 128 90 127 90 126 89 125 89 123 87 121 87 120 86
0 615 32 614 33 612 33 611 34 610 34 607 37 607 38 605 40 605 41 604 42 604 54 606 56 606 58 608 60 608 61 610 63 611 63 613 65 615 65 616 66 622 66 623 65 625 65 626 64 627 64 628 63 629 63 632 60 632 59 633 58 633 57 634 56 634 52 635 51 635 43 634 42 634 41 632 39 632 38 627 33 625 33 624 32
0 376 177 375 178 372 178 371 179 369 179 368 180 367 180 363 184 363 185 362 186 362 202 363 203 363 204 369 210 370 210 371 211 373 211 374 212 384 212 385 211 387 211 388 210 389 210 390 209 391 209 395 205 395 204 396 203 396 201 397 200 397 191 396 190 396 189 395 188 395 186 393 184 393 183 391 181 390 181 388 179 386 179 385 178 383 178 382 177
0 520 87 519 88 517 88 516 89 514 89 510 93 510 94 509 95 509 96 508 97 508 106 509 107 509 108 510 109 510 110 513 113 514 113 516 115 518 115 519 116 525 116 526 115 528 115 529 114 530 114 534 110 534 109 535 108 535 107 536 106 536 97 535 96 535 95 534 94 534 93 529 88 527 88 526 87
0 425 142 424 143 422 143 421 144 420 144 419 145 418 145 413 150 413 151 412 152 412 154 411 155 411 163 412 164 412 166 413 167 413 168 420 175 421 175 422 176 424 176 425 177 435 177 436 176 438 176 439 175 441 175 443 173 444 173 446 171 446 170 447 169 447 168 448 167 448 166 449 165 449 154 448 153 448 152 447 151 447 150 441 144 440 144 439 143 437 143 436 142
0 575 138 574 139 572 139 570 141 569 141 566 144 566 145 565 146 565 148 564 149 564 157 565 158 565 160 570 165 571 165 573 167 575 167 576 168 583 168 584 167 586 167 588 165 589 165 591 163 591 162 593 160 593 158 594 157 594 149 593 148 593 147 585 139 583 139 582 138
0 146 55 145 56 143 56 142 57 141 57 137 61 137 62 136 63 136 65 135 66 135 71 136 72 136 74 137 75 137 76 142 81 143 81 144 82 146 82 147 83 153 83 154 82 156 82 157 81 158 81 163 76 163 74 164 73 164 64 163 63 163 62 162 61 162 60 160 58 159 58 157 56 155 56 154 55
0 72 134 71 135 69 135 67 137 65 137 62 140 62 141 60 143 60 145 59 146 59 157 60 158 60 159 61 160 61 161 66 166 68 166 69 167 73 167 74 168 79 168 80 167 82 167 83 166 84 166 85 165 86 165 91 160 91 159 92 158 92 156 93 155 93 146 92 145 92 143 90 141 90 140 87 137 86 137 84 135 82 135 81 134
0 26 17 25 18 23 18 21 20 20 20 18 22 17 22 16 23 14 23 13 24 12 24 9 27 9 29 8 30 8 32 7 33 7 46 14 53 16 53 17 54 24 54 25 55 26 54 28 54 32 50 33 50 34 49 35 49 36 48 37 48 39 46 39 45 40 44 40 43 42 41 42 39 43 38 43 25 42 24 42 23 40 21 39 21 38 20 37 20 36 19 34 19 33 18 31 18 30 17
0 178 115 177 116 175 116 174 117 173 117 171 119 170 119 169 120 168 120 165 123 165 125 164 126 164 139 165 140 165 141 167 143 167 144 168 145 168 146 171 149 173 149 174 150 178 150 179 151 185 151 186 150 188 150 194 144 194 143 196 141 196 140 197 139 197 138 198 137 198 131 197 130 197 127 196 126 196 124 193 121 192 121 190 119 189 119 186 116 184 116 183 115
0 234 88 233 89 231 89 230 90 228 90 227 91 226 91 225 92 224 92 220 96 220 97 219 98 219 99 218 100 218 101 217 102 217 104 216 105 216 109 217 110 217 112 218 113 218 114 223 119 224 119 225 120 227 120 228 121 235 121 236 120 238 120 239 119 240 119 242 117 243 117 246 114 246 113 249 110 249 108 250 107 250 104 251 103 251 99 250 98 250 96 249 95 249 94 246 91 245 91 244 90 242 90 241 89 237 89 236 88
0 257 259 256 260 254 260 252 262 251 262 249 264 248 264 245 267 245 268 244 269 244 270 243 271 243 281 244 282 244 284 245 285 245 286 246 287 246 288 251 293 252 293 253 294 255 294 256 295 266 295 267 294 269 294 270 293 271 293 276 288 276 287 277 286 277 285 278 284 278 283 279 282 279 271 278 270 278 269 277 268 277 267 271 261 270 261 269 260 267 260 266 259
0 256 218 255 219 253 219 252 220 250 220 249 221 248 221 243 226 243 227 242 228 242 230 241 231 241 240 242 241 242 242 243 243 243 244 250 251 251 251 252 252 254 252 255 253 261 253 262 252 265 252 266 251 268 251 270 249 271 249 276 244 276 242 277 241 277 231 276 230 276 228 274 226 274 225 270 221 269 221 268 220 266 220 265 219 263 219 262 218
0 23 97 22 98 20 98 19 99 18 99 17 100 16 100 12 104 12 105 11 106 11 107 10 108 10 119 11 120 11 121 12 122 12 123 15 126 16 126 18 128 20 128 21 129 31 129 32 128 34 128 41 121 41 119 42 118 42 116 43 115 43 108 42 107 42 105 40 103 40 102 38 100 37 100 35 98 33 98 32 97
0 29 189 28 190 26 190 25 191 23 191 16 198 16 199 15 200 15 211 16 212 16 214 22 220 23 220 24 221 26 221 27 222 29 222 30 223 34 223 35 222 37 222 38 221 39 221 40 220 41 220 42 219 43 219 45 217 45 216 46 215 46 214 47 213 47 211 48 210 48 201 47 200 47 197 46 196 46 195 43 192 42 192 41 191 39 191 38 190 36 190 35 189
0 393 330 392 331 388 331 387 332 385 332 384 333 383 333 381 335 380 335 378 337 378 338 376 340 376 341 374 343 374 345 373 346 373 357 374 358 374 360 375 361 375 362 376 363 376 364 380 368 381 368 383 370 385 370 386 371 388 371 389 372 396 372 397 371 399 371 400 370 402 370 403 369 404 369 409 364 409 363 410 362 410 361 411 360 411 359 412 358 412 355 413 354 413 345 412 344 412 342 411 341 411 340 410 339 410 338 406 334 405 334 403 332 401 332 400 331 395 331 394 330
0 413 293 412 294 410 294 409 295 407 295 406 296 404 296 397 303 397 304 396 305 396 317 399 320 399 321 402 324 404 324 405 325 407 325 408 326 409 326 410 325 412 325 413 326 415 326 416 325 418 325 419 324 420 324 421 323 422 323 424 321 424 320 426 318 426 317 427 316 427 315 428 314 428 303 427 302 427 301 422 296 420 296 419 295 417 295 416 294 414 294
0 172 309 171 310 169 310 168 311 166 311 161 316 161 317 158 320 158 333 159 334 159 335 160 336 160 337 164 341 165 341 166 342 168 342 169 343 176 343 177 342 179 342 180 341 182 341 185 338 186 338 189 335 189 333 190 332 190 331 191 330 191 321 190 320 190 319 189 318 189 315 188 314 188 313 186 311 185 311 184 310 182 310 181 309
0 210 295 209 296 207 296 206 297 205 297 203 299 202 299 200 301 200 302 198 304 198 306 197 307 197 321 198 322 198 323 205 330 206 330 207 331 209 331 210 332 219 332 220 331 222 331 223 330 224 330 230 324 230 323 231 322 231 320 232 319 232 308 231 307 231 305 230 304 230 303 223 296 221 296 220 295
0 262 4 261 5 259 5 257 7 256 7 254 9 254 10 253 11 253 13 252 14 252 25 253 26 253 27 254 28 254 29 260 35 262 35 263 36 265 36 266 37 268 37 269 38 275 38 276 37 278 37 284 31 284 29 285 28 285 18 284 17 284 15 283 14 283 13 278 8 277 8 274 5 272 5 271 4
0 267 95 266 96 264 96 263 97 261 97 260 98 259 98 256 101 256 111 263 118 265 118 266 119 275 119 276 118 278 118 279 117 280 117 283 114 284 114 286 112 286 111 287 110 287 106 286 105 286 104 280 98 279 98 278 97 276 97 275 96 272 96 271 95
0 149 21 148 22 146 22 145 23 144 23 139 28 138 28 137 29 135 29 134 30 133 30 130 33 130 40 133 43 135 43 136 44 138 44 144 50 146 50 147 51 153 51 154 50 156 50 157 49 158 49 162 45 162 44 163 43 163 42 164 41 164 38 165 37 165 32 164 31 164 30 163 29 163 28 162 27 162 26 159 23 158 23 157 22 155 22 154 21
0 257 41 256 42 254 42 253 43 251 43 250 44 249 44 247 46 246 46 244 48 244 49 243 50 243 51 242 52 242 60 243 61 243 62 244 63 244 65 245 66 245 67 247 69 247 70 250 73 251 73 252 74 254 74 255 75 262 75 263 74 265 74 266 73 267 73 268 72 269 72 270 71 271 71 274 68 274 67 276 65 276 63 277 62 277 53 276 52 276 50 274 48 274 47 272 45 271 45 270 44 269 44 268 43 266 43 265 42 262 42 261 41
0 19 58 18 59 16 59 15 60 13 60 9 64 9 65 8 66 8 67 7 68 7 78 9 80 9 81 12 84 13 84 14 85 16 85 17 86 24 86 25 85 27 85 32 80 32 79 33 78 33 75 34 74 34 70 33 69 33 66 32 65 32 64 28 60 26 60 25 59 23 59 22 58
0 199 65 198 66 194 66 193 67 191 67 190 68 189 68 186 71 186 72 184 74 184 75 183 76 183 79 182 80 182 86 183 87 183 92 184 93 184 94 185 95 185 96 190 101 192 101 193 102 195 102 196 103 204 103 205 102 207 102 208 101 209 101 213 97 213 96 215 94 215 93 216 92 216 91 217 90 217 79 216 78 216 76 215 75 215 74 209 68 208 68 207 67 206 67 205 66 203 66 202 65
0 510 263 509 264 507 264 506 265 505 265 501 269 501 270 500 271 500 272 499 273 499 285 500 286 500 287 503 290 504 290 505 291 507 291 508 292 515 292 516 291 518 291 519 290 520 290 526 284 526 282 527 281 527 270 526 269 526 268 523 265 522 265 521 264 519 264 518 263
0 546 260 545 261 543 261 542 262 540 262 533 269 533 271 532 272 532 275 531 276 531 280 530 281 530 287 531 288 531 289 533 291 533 292 534 293 534 294 537 297 538 297 539 298 540 298 541 299 543 299 544 300 548 300 549 299 551 299 552 298 554 298 555 297 557 297 563 291 563 290 564 289 564 288 565 287 565 286 566 285 566 271 565 270 565 269 558 262 557 262 556 261 554 261 553 260
0 106 176 105 177 103 177 102 178 101 178 98 181 98 182 97 183 97 184 96 185 96 193 97 194 97 196 98 197 98 198 104 204 105 204 107 206 109 206 110 207 118 207 119 206 121 206 122 205 123 205 126 202 126 201 127 200 127 198 128 197 128 192 127 191 127 188 126 187 126 185 124 183 124 182 121 179 120 179 119 178 117 178 116 177 114 177 113 176
0 258 162 257 163 255 163 254 164 253 164 248 169 248 170 247 171 247 172 246 173 246 182 247 183 247 185 248 186 248 187 249 188 249 189 253 193 254 193 256 195 257 195 258 196 260 196 261 197 270 197 271 196 273 196 274 195 275 195 281 189 281 186 282 185 282 175 281 174 281 173 280 172 280 171 279 170 279 169 276 166 275 166 273 164 272 164 271 163 269 163 268 162
0 445 267 444 268 442 268 441 269 440 269 439 270 438 270 434 274 434 275 432 277 432 279 431 280 431 289 432 290 432 292 433 293 433 294 435 296 436 296 438 298 439 298 440 299 441 299 442 300 444 300 445 301 453 301 454 300 456 300 457 299 458 299 462 295 462 294 463 293 463 292 464 291 464 290 465 289 465 277 464 276 464 275 463 274 463 273 460 270 459 270 458 269 457 269 456 268 454 268 453 267
0 495 420 494 421 492 421 490 423 489 423 484 428 484 429 483 430 483 431 482 432 482 438 483 439 483 442 484 443 484 444 485 445 485 446 490 451 491 451 493 453 495 453 496 454 503 454 504 453 506 453 507 452 508 452 509 451 510 451 515 446 515 432 514 431 514 430 512 428 512 427 507 422 506 422 505 421 503 421 502 420
0 521 324 520 325 515 325 514 326 512 326 511 327 510 327 505 332 505 334 504 335 504 347 505 348 505 349 507 351 507 352 509 354 510 354 511 355 512 355 513 356 515 356 516 357 524 357 525 356 527 356 533 350 533 349 534 348 534 347 535 346 535 335 533 333 533 332 528 327 527 327 526 326 525 326 524 325 522 325
0 344 256 343 257 341 257 340 258 339 258 338 259 337 259 334 262 334 263 333 264 333 265 332 266 332 278 333 279 333 280 335 282 335 283 338 286 339 286 341 288 343 288 344 289 348 289 349 290 351 290 352 289 355 289 356 288 358 288 363 283 363 282 364 281 364 278 365 277 365 266 363 264 363 263 359 259 357 259 355 257 353 257 352 256
0 379 246 378 247 376 247 375 248 374 248 368 254 368 255 367 256 367 270 370 273 370 274 375 279 376 279 377 280 378 280 379 281 381 281 382 282 389 282 390 281 392 281 393 280 394 280 399 275 399 274 400 273 400 272 401 271 401 270 402 269 402 260 401 259 401 257 400 256 400 255 398 253 398 252 396 250 395 250 393 248 391 248 390 247 387 247 386 246
0 389 393 388 394 386 394 380 400 380 401 379 402 379 404 378 405 378 413 379 414 379 416 380 417 380 418 382 420 382 421 384 423 385 423 386 424 388 424 389 425 397 425 398 424 400 424 404 420 404 419 406 417 406 416 407 415 407 413 408 412 408 404 407 403 407 400 403 396 402 396 400 394 398 394 397 393
0 423 379 422 380 420 380 413 387 413 388 412 389 412 400 413 401 413 402 414 403 414 406 415 407 415 408 417 410 417 411 421 415 422 415 423 416 425 416 426 417 435 417 436 416 438 416 444 410 444 409 445 408 445 407 446 406 446 404 447 403 447 396 446 395 446 392 445 391 445 390 442 387 442 386 438 382 437 382 435 380 433 380 432 379
0 478 317 477 318 475 318 474 319 473 319 472 320 471 320 467 324 467 325 466 326 466 327 465 328 465 339 466 340 466 342 470 346 471 346 472 347 473 347 475 349 476 349 477 350 479 350 480 351 485 351 486 350 488 350 489 349 490 349 495 344 495 343 496 342 496 340 497 339 497 328 496 327 496 326 495 325 495 324 494 323 494 322 490 318 488 318 487 317
0 458 438 457 439 455 439 454 440 453 440 451 442 450 442 448 444 448 445 447 446 447 447 445 449 445 460 446 461 446 462 447 463 447 464 448 465 448 466 451 469 452 469 454 471 455 471 456 472 458 472 459 473 468 473 469 472 471 472 473 470 474 470 478 466 478 465 479 464 479 463 480 462 480 450 479 449 479 448 478 447 478 446 472 440 471 440 470 439 468 439 467 438
0 84 384 83 385 81 385 80 386 79 386 78 387 77 387 75 389 75 390 74 391 74 392 73 393 73 394 72 395 72 407 73 408 73 409 79 415 80 415 82 417 84 417 85 418 96 418 97 417 99 417 100 416 101 416 105 412 105 411 106 410 106 409 107 408 107 406 108 405 108 399 107 398 107 395 105 393 105 392 99 386 98 386 97 385 95 385 94 384
0 75 355 74 356 72 356 71 357 70 357 67 360 67 361 66 362 66 364 65 365 65 371 66 372 66 373 72 379 74 379 75 380 81 380 82 379 84 379 85 378 86 378 91 373 91 363 90 362 90 361 85 356 83 356 82 355
0 148 267 147 268 144 268 143 269 141 269 137 273 137 274 136 275 136 276 135 277 135 286 136 287 136 288 137 289 137 290 140 293 141 293 142 294 143 294 144 295 146 295 147 296 150 296 151 295 153 295 154 294 156 294 157 293 158 293 161 290 161 289 162 288 162 287 163 286 163 277 162 276 162 275 161 274 161 273 157 269 155 269 154 268 152 268 151 267
0 145 230 144 231 138 231 137 232 135 232 129 238 129 240 128 241 128 253 129 254 129 255 130 256 130 257 134 261 135 261 136 262 138 262 139 263 144 263 145 262 147 262 148 263 149 263 150 262 152 262 153 261 154 261 159 256 159 255 160 254 160 251 161 250 161 246 160 245 160 241 159 240 159 239 158 238 158 237 157 236 157 235 155 233 154 233 153 232 151 232 150 231 148 231 147 230
0 214 423 213 424 211 424 210 425 209 425 203 431 203 432 202 433 202 434 201 435 201 437 200 438 200 443 201 444 201 446 202 447 202 448 203 449 203 450 207 454 208 454 209 455 211 455 212 456 214 456 215 457 216 456 220 456 221 455 223 455 224 454 225 454 227 452 228 452 230 450 230 449 233 446 233 445 234 444 234 442 235 441 235 434 234 433 234 431 233 430 233 429 230 426 229 426 228 425 227 425 226 424 224 424 223 423
0 246 396 245 397 243 397 242 398 241 398 240 399 239 399 234 404 234 405 233 406 233 407 232 408 232 410 231 411 231 418 232 419 232 420 233 421 233 422 236 425 236 426 241 431 243 431 244 432 252 432 253 431 255 431 258 428 259 428 262 425 262 424 263 423 263 422 264 421 264 419 265 418 265 409 264 408 264 406 263 405 263 404 257 398 255 398 254 397 252 397 251 396
0 455 350 454 351 452 351 451 352 450 352 448 354 447 354 445 356 445 357 443 359 443 360 442 361 442 363 441 364 441 373 442 374 442 375 443 376 443 377 444 378 444 379 448 383 449 383 450 384 451 384 452 385 454 385 455 386 462 386 463 385 465 385 466 384 468 384 470 382 471 382 473 380 473 379 475 377 475 376 476 375 476 373 477 372 477 363 476 362 476 360 475 359 475 358 469 352 468 352 467 351 465 351 464 350
0 316 384 315 385 312 385 311 386 309 386 308 387 307 387 302 392 302 393 301 394 301 396 300 397 300 402 301 403 301 406 302 407 302 408 304 410 304 411 309 416 310 416 311 417 313 417 314 418 316 418 317 419 322 419 323 418 325 418 326 417 327 417 328 416 329 416 332 413 332 412 333 411 333 410 334 409 334 397 333 396 333 395 332 394 332 393 326 387 325 387 324 386 322 386 321 385 319 385 318 384
0 573 341 572 342 570 342 569 343 568 343 567 344 566 344 565 345 564 345 560 349 560 350 559 351 559 353 558 354 558 363 559 364 559 365 566 372 568 372 569 373 579 373 580 372 582 372 584 370 585 370 589 366 589 365 590 364 590 363 591 362 591 350 590 349 590 348 585 343 584 343 583 342 581 342 580 341
0 313 314 312 315 310 315 309 316 307 316 306 317 305 317 300 322 300 323 299 324 299 327 298 328 298 337 299 338 299 339 300 340 300 341 301 342 301 343 306 348 307 348 308 349 309 349 310 350 312 350 313 351 320 351 321 350 323 350 324 349 326 349 328 347 329 347 332 344 332 343 333 342 333 341 334 340 334 338 335 337 335 327 334 326 334 325 333 324 333 323 332 322 332 321 328 317 327 317 326 316 324 316 323 315 321 315 320 314
0 552 305 551 306 548 306 547 307 545 307 538 314 538 316 537 317 537 326 538 327 538 329 539 330 539 331 541 333 541 334 545 338 546 338 547 339 548 339 549 340 551 340 552 341 558 341 559 340 561 340 562 339 563 339 564 338 565 338 567 336 568 336 571 333 571 332 573 330 573 329 574 328 574 318 573 317 573 316 572 315 572 314 571 313 571 312 567 308 566 308 565 307 564 307 563 306 561 306 560 305
0 298 275 297 276 293 276 292 277 290 277 289 278 288 278 286 280 286 281 285 282 285 283 284 284 284 285 283 286 283 292 284 293 284 295 285 296 285 297 286 298 286 299 288 301 288 302 290 304 291 304 292 305 294 305 295 306 296 306 297 305 299 305 300 304 302 304 303 303 304 303 305 302 306 302 312 296 312 295 313 294 313 292 314 291 314 287 313 286 313 284 312 283 312 282 311 281 311 280 309 278 308 278 307 277 306 277 305 276 303 276 302 275
0 550 449 549 450 547 450 546 451 544 451 539 456 539 457 538 458 538 459 537 460 537 462 536 463 536 469 537 470 537 472 538 473 538 474 539 475 539 476 541 478 542 478 543 479 564 479 567 476 567 475 568 474 568 473 569 472 569 461 568 460 568 459 567 458 567 457 563 453 562 453 560 451 558 451 557 450 555 450 554 449
0 607 436 606 437 604 437 601 440 601 441 599 443 599 444 598 445 598 446 597 447 597 448 596 449 596 456 597 457 597 458 598 459 598 460 599 461 599 462 604 467 605 467 606 468 608 468 609 469 616 469 617 468 619 468 620 467 621 467 622 466 623 466 624 465 625 465 628 462 628 461 629 460 629 458 630 457 630 450 629 449 629 446 628 445 628 444 623 439 622 439 621 438 620 438 619 437 617 437 616 436
0 144 436 143 437 141 437 140 438 139 438 138 439 137 439 133 443 133 444 132 445 132 447 131 448 131 458 132 459 132 460 133 461 133 462 137 466 138 466 139 467 141 467 142 468 147 468 148 467 150 467 151 466 153 466 154 465 155 465 156 464 157 464 158 463 159 463 161 461 161 460 163 458 163 457 164 456 164 454 165 453 165 445 164 444 164 443 163 442 163 441 162 440 162 439 160 437 158 437 157 436
0 109 329 108 330 105 330 104 331 102 331 101 332 100 332 93 339 93 340 92 341 92 343 91 344 91 351 92 352 92 353 93 354 93 355 95 357 95 358 97 360 97 361 101 365 102 365 103 366 105 366 106 367 115 367 116 366 118 366 119 365 120 365 122 363 123 363 125 361 125 360 127 358 127 357 128 356 128 354 129 353 129 345 128 344 128 341 127 340 127 339 125 337 125 336 123 334 122 334 120 332 119 332 118 331 116 331 115 330 112 330 111 329
0 75 223 74 224 72 224 71 225 70 225 69 226 68 226 62 232 62 233 61 234 61 236 60 237 60 248 61 249 61 251 63 253 63 254 66 257 67 257 69 259 70 259 71 260 73 260 74 261 84 261 85 260 87 260 88 259 89 259 91 257 92 257 94 255 94 254 95 253 95 252 97 250 97 248 98 247 98 237 97 236 97 234 95 232 95 231 89 225 88 225 87 224 85 224 84 223
0 131 298 130 299 128 299 127 300 126 300 125 301 124 301 123 302 122 302 118 306 118 307 117 308 117 318 119 320 119 321 124 326 125 326 126 327 127 327 128 328 130 328 131 329 140 329 141 328 143 328 144 327 145 327 146 326 147 326 150 323 150 322 151 321 151 320 152 319 152 316 153 315 153 311 152 310 152 308 151 307 151 306 147 302 146 302 145 301 143 301 142 300 140 300 139 299 136 299 135 298
0 181 182 180 183 178 183 177 184 175 184 171 188 171 189 168 192 168 193 165 196 165 203 166 204 166 208 171 213 173 213 174 214 178 214 179 215 181 215 182 216 183 215 185 215 189 211 191 211 192 210 193 210 194 209 195 209 198 206 198 202 199 201 199 191 198 190 198 189 192 183 190 183 189 182
0 270 311 269 312 267 312 265 314 264 314 263 315 262 315 259 318 259 319 258 320 258 321 257 322 257 323 256 324 256 337 257 338 257 339 260 342 260 343 262 345 263 345 265 347 266 347 267 348 269 348 270 349 278 349 279 348 281 348 282 347 283 347 284 346 285 346 289 342 289 341 290 340 290 339 291 338 291 337 292 336 292 324 291 323 291 321 289 319 289 318 285 314 284 314 283 313 282 313 281 312 279 312 278 311
0 50 282 49 283 47 283 46 284 45 284 39 290 39 292 38 293 38 305 39 306 39 307 44 312 44 313 46 315 47 315 48 316 50 316 51 317 55 317 56 316 59 316 60 315 62 315 67 310 67 309 68 308 68 306 69 305 69 304 70 303 70 294 69 293 69 291 68 290 68 289 62 283 60 283 59 282
0 98 445 97 446 95 446 94 447 92 447 91 448 90 448 87 451 87 452 86 453 86 454 85 455 85 456 84 457 84 462 85 463 85 464 86 465 86 466 87 467 87 468 88 469 88 470 93 475 94 475 96 477 98 477 99 478 106 478 107 477 109 477 110 476 111 476 115 472 115 471 116 470 116 468 117 467 117 458 116 457 116 456 115 455 115 454 109 448 108 448 107 447 106 447 105 446 103 446 102 445
0 9 282 8 283 6 283 5 284 4 284 2 286 1 286 0 287 0 314 1 314 4 317 6 317 7 318 19 318 20 317 22 317 24 315 25 315 28 312 28 311 30 309 30 307 31 306 31 293 30 292 30 291 29 290 29 289 25 285 24 285 23 284 22 284 21 283 19 283 18 282
0 46 336 45 337 40 337 39 338 37 338 35 340 34 340 31 343 31 344 29 346 29 347 28 348 28 349 27 350 27 352 26 353 26 360 27 361 27 363 28 364 28 365 35 372 36 372 37 373 39 373 40 374 42 374 43 375 49 375 50 374 52 374 53 373 54 373 59 368 59 367 60 366 60 364 61 363 61 361 62 360 62 358 63 357 63 349 62 348 62 347 61 346 61 345 60 344 60 343 56 339 55 339 54 338 52 338 51 337 48 337 47 336
0 306 152 305 153 303 153 302 154 301 154 298 157 298 158 297 159 297 160 296 161 296 171 297 172 297 173 298 174 298 175 304 181 306 181 307 182 309 182 310 183 314 183 315 182 317 182 318 181 319 181 325 175 325 174 326 173 326 165 325 164 325 161 324 160 324 159 319 154 318 154 317 153 315 153 314 152
1 568 414 566 415 564 416 562 418 561 418 560 419 560 420 558 422 557 424 556 432 556 437 557 439 558 441 559 442 564 446 567 448 569 449 572 450 581 450 584 449 586 448 588 447 589 446 594 440 595 437 595 430 594 427 593 425 592 423 586 417 584 416 582 415 579 414
1 446 40 443 41 441 42 439 43 435 47 434 49 433 52 433 60 434 62 435 64 441 70 443 71 445 72 448 72 449 73 451 73 456 72 459 71 463 68 464 67 464 66 466 64 467 62 467 52 466 50 465 48 460 43 457 41 454 40
1 62 0 61 2 61 8 62 10 63 12 68 17 70 18 76 20 80 20 85 19 88 18 92 16 94 14 95 12 96 10 97 7 97 2 96 0
1 183 0 184 4 185 7 187 9 187 10 188 11 192 14 194 15 196 16 206 16 208 15 211 12 212 10 213 8 213 0
1 219 0 219 10 220 13 222 16 225 19 227 20 231 21 236 21 238 20 240 19 242 17 243 17 244 16 245 14 246 12 247 9 247 0
1 359 0 359 5 360 7 361 9 366 14 368 15 370 16 376 17 382 16 384 15 386 14 390 10 392 7 393 4 393 0
1 469 0 468 2 468 10 469 13 470 15 471 17 475 21 477 22 479 23 482 24 487 24 491 23 493 22 495 21 501 15 502 13 503 10 502 0
1 585 0 585 4 586 6 587 8 589 11 591 13 594 15 596 16 598 17 603 18 605 18 610 17 614 15 616 14 617 13 619 11 620 8 622 5 623 2 623 0
1 631 0 629 2 628 4 627 6 626 9 626 18 627 20 628 22 631 26 632 27 633 27 635 29 637 29 639 30 639 0
1 622 71 614 72 610 75 609 76 608 78 607 83 608 87 612 91 614 91 620 97 621 101 624 104 627 105 633 106 635 106 639 105 639 75 636 73 634 72 629 71
1 629 163 625 164 622 165 619 167 616 170 614 173 613 176 613 186 614 189 615 191 617 193 617 194 618 195 619 195 621 197 623 198 626 199 635 199 639 197 639 166 636 164 632 163
1 637 355 635 355 629 361 628 363 627 365 626 369 626 373 627 377 630 383 634 387 639 389 639 354
1 513 469 507 472 504 475 503 477 503 479 533 478 532 476 530 474 530 473 529 472 527 471 525 470 522 469
1 237 466 231 469 228 472 227 474 226 478 261 479 261 476 260 474 254 468 252 467 249 466
1 365 466 362 467 359 469 356 472 353 478 381 479 381 476 380 474 379 472 376 469 370 466
1 408 468 406 469 404 470 402 472 401 472 400 473 400 474 398 476 396 479 430 479 428 476 427 474 424 471 421 469 418 468