0 412 137 411 138 409 138 408 139 406 139 405 140 404 140 401 143 401 144 400 145 400 158 399 159 399 160 398 161 398 163 397 164 397 170 401 174 403 174 404 175 405 174 407 174 409 172 410 172 411 171 414 171 415 170 418 170 419 169 421 169 422 168 424 168 426 166 426 162 427 161 427 159 428 158 428 147 427 146 427 145 422 140 421 140 420 139 419 139 418 138 416 138 415 137
0 540 114 539 115 537 115 536 116 535 116 533 118 532 118 529 121 529 122 528 123 528 124 527 125 527 127 526 128 526 134 527 135 527 137 528 138 528 139 529 140 529 141 532 144 533 144 534 145 536 145 537 146 538 146 539 147 541 147 542 148 544 148 545 149 550 149 551 148 553 148 554 147 555 147 557 145 558 145 561 142 561 141 562 140 562 139 563 138 563 126 562 125 562 123 556 117 555 117 554 116 553 116 552 115 550 115 549 114
0 601 19 600 20 598 20 597 21 596 21 595 22 594 22 589 27 589 29 588 30 588 41 589 42 589 44 590 45 590 46 594 50 595 50 596 51 597 51 598 52 600 52 601 53 606 53 607 52 609 52 610 51 611 51 616 46 616 45 617 44 617 43 618 42 618 40 619 39 619 31 618 30 618 28 617 27 617 26 613 22 612 22 610 20 608 20 607 19
0 276 141 275 142 273 142 272 143 271 143 269 145 269 146 268 147 268 148 267 149 267 151 266 152 266 159 267 160 267 161 268 162 268 163 269 164 269 165 272 168 274 168 275 169 282 169 283 168 288 168 289 167 291 167 292 166 294 166 298 162 298 161 299 160 299 149 298 148 298 147 294 143 293 143 292 142 290 142 289 141 285 141 284 142 283 142 282 141
0 281 107 280 108 278 108 274 112 274 113 273 114 273 115 272 116 272 124 273 125 273 127 274 128 274 129 280 135 282 135 283 136 292 136 293 135 295 135 301 129 301 127 302 126 302 119 301 118 301 116 299 114 299 113 295 109 293 109 292 108 286 108 285 107
0 530 152 529 153 527 153 526 154 524 154 523 155 522 155 520 157 520 158 518 160 518 161 517 162 517 164 516 165 516 172 517 173 517 174 518 175 518 176 519 177 519 178 521 180 522 180 524 182 526 182 527 183 536 183 537 182 539 182 540 181 541 181 542 180 543 180 547 176 547 175 548 174 548 160 547 159 547 158 545 156 544 156 543 155 541 155 540 154 538 154 537 153 534 153 533 152
0 421 173 420 174 418 174 417 175 415 175 414 176 413 176 412 177 411 177 406 182 406 184 405 185 405 190 406 191 406 198 407 199 407 200 409 202 409 203 413 207 414 207 415 208 416 208 418 210 420 210 421 211 425 211 426 212 427 212 428 211 431 211 432 210 434 210 435 209 436 209 439 206 439 205 441 203 441 202 442 201 442 200 443 199 443 189 442 188 442 187 441 186 441 185 440 184 440 183 435 178 434 178 433 177 431 177 430 176 429 176 428 175 426 175 425 174 423 174 422 173
0 615 163 614 164 612 164 606 170 606 171 605 172 605 182 606 183 606 185 607 186 607 187 608 188 608 189 610 191 611 191 613 193 614 193 615 194 617 194 618 195 625 195 626 194 628 194 629 193 630 193 631 192 632 192 636 188 636 186 637 185 637 176 636 175 636 172 635 171 635 170 631 166 630 166 629 165 628 165 627 164 625 164 624 163
0 524 33 523 34 521 34 520 35 519 35 518 36 517 36 513 40 513 43 512 44 512 52 513 53 513 55 515 57 515 58 519 62 520 62 524 66 526 66 527 67 528 67 529 66 533 66 534 65 536 65 537 64 538 64 539 63 540 63 542 61 542 60 543 59 543 58 544 57 544 47 543 46 543 43 542 42 542 41 537 36 536 36 535 35 534 35 533 34 531 34 530 33
0 380 69 379 70 376 70 375 71 373 71 372 72 371 72 369 74 368 74 366 76 366 77 365 78 365 79 364 80 364 82 363 83 363 91 364 92 364 93 365 94 365 95 366 96 366 97 367 98 367 100 368 101 368 102 372 106 373 106 374 107 376 107 377 108 388 108 389 107 391 107 392 106 393 106 394 105 395 105 399 101 399 100 400 99 400 97 401 96 401 94 402 93 402 86 401 85 401 84 400 83 400 81 399 80 399 79 392 72 391 72 390 71 388 71 387 70 384 70 383 69
0 550 73 549 74 547 74 546 75 545 75 544 76 543 76 538 81 538 82 537 83 537 85 536 86 536 94 537 95 537 97 538 98 538 99 539 100 539 101 544 106 546 106 547 107 558 107 559 106 561 106 563 104 564 104 567 101 567 100 568 99 568 98 569 97 569 95 570 94 570 90 569 89 569 84 568 83 568 82 567 81 567 80 564 77 563 77 561 75 560 75 559 74 557 74 556 73
0 335 127 334 128 332 128 331 129 330 129 329 130 327 130 326 131 325 131 323 133 323 135 322 136 322 139 321 140 321 141 320 142 320 148 321 149 321 150 322 151 322 152 323 153 323 155 324 156 324 157 326 159 327 159 331 163 333 163 334 164 336 164 337 163 339 163 340 162 344 162 345 161 347 161 350 158 350 157 353 154 353 153 354 152 354 143 353 142 353 137 344 128 342 128 341 127
0 445 102 444 103 442 103 441 104 439 104 438 105 437 105 434 108 434 109 433 110 433 112 432 113 432 120 433 121 433 123 434 124 434 125 437 128 438 128 439 129 440 129 441 130 443 130 444 131 448 131 449 130 451 130 452 129 454 129 458 125 458 124 459 123 459 121 460 120 460 113 459 112 459 109 455 105 454 105 453 104 452 104 451 103 449 103 448 102
0 435 57 434 58 432 58 430 60 429 60 422 67 422 69 421 70 421 71 420 72 420 74 419 75 419 79 421 81 421 82 422 83 422 84 423 85 423 86 428 91 430 91 431 92 434 92 435 93 440 93 441 94 442 94 443 93 445 93 446 92 448 92 453 87 453 86 456 83 456 82 457 81 457 80 458 79 458 68 457 67 457 66 455 64 455 63 451 59 450 59 449 58 447 58 446 57
0 494 134 493 135 491 135 490 136 488 136 487 137 486 137 485 138 484 138 482 140 482 141 481 142 481 144 480 145 480 154 481 155 481 156 482 157 482 158 490 166 492 166 493 167 495 167 496 168 501 168 502 167 504 167 505 166 507 166 511 162 511 161 512 160 512 159 513 158 513 157 514 156 514 146 513 145 513 143 512 142 512 140 510 138 509 138 507 136 506 136 505 135 503 135 502 134
0 477 162 476 163 474 163 473 164 472 164 471 165 470 165 467 168 467 170 466 171 466 177 467 178 467 179 469 181 469 183 470 184 470 185 480 195 482 195 483 196 484 195 486 195 488 193 489 193 491 191 491 190 492 189 492 181 491 180 491 172 488 169 488 168 483 163 481 163 480 162
0 478 32 477 33 474 33 473 34 471 34 470 35 469 35 468 36 467 36 463 40 463 41 461 43 461 45 460 46 460 54 461 55 461 57 469 65 470 65 471 66 473 66 474 67 479 67 480 66 483 66 484 65 486 65 489 62 490 62 496 56 496 53 497 52 497 47 496 46 496 43 495 42 495 41 490 36 489 36 487 34 485 34 484 33 481 33 480 32
0 504 62 503 63 499 63 498 64 496 64 494 66 493 66 487 72 487 74 486 75 486 82 487 83 487 85 488 86 488 87 492 91 493 91 494 92 495 92 496 93 498 93 499 94 505 94 506 93 508 93 509 92 510 92 512 90 513 90 517 86 517 85 518 84 518 83 519 82 519 71 512 64 510 64 509 63 506 63 505 62
0 208 216 207 217 205 217 204 218 202 218 201 219 200 219 198 221 197 221 194 224 194 225 193 226 193 227 192 228 192 239 193 240 193 242 194 243 194 244 201 251 202 251 203 252 204 252 205 253 207 253 208 254 217 254 218 253 220 253 221 252 222 252 224 250 225 250 227 248 227 247 229 245 229 244 230 243 230 241 231 240 231 231 230 230 230 228 229 227 229 226 227 224 227 223 225 221 224 221 221 218 219 218 218 217 215 217 214 216
0 199 402 198 403 196 403 195 404 194 404 188 410 188 413 187 414 187 428 188 429 188 430 190 432 190 433 193 436 195 436 196 437 203 437 204 436 206 436 207 435 208 435 209 434 210 434 212 432 212 431 213 430 213 429 218 424 218 423 219 422 219 414 218 413 218 412 217 411 217 410 216 409 216 408 214 406 213 406 212 405 211 405 210 404 208 404 207 403 204 403 203 402
0 35 257 34 258 32 258 31 259 29 259 27 261 27 275 26 276 26 279 25 280 25 285 27 287 29 287 30 288 35 288 36 287 38 287 39 286 40 286 41 285 42 285 48 279 48 277 49 276 49 265 48 264 48 263 45 260 44 260 43 259 41 259 40 258 37 258 36 257
0 230 323 229 324 227 324 226 325 224 325 223 326 221 326 220 327 218 327 214 331 214 332 213 333 213 336 212 337 212 344 213 345 213 346 220 353 221 353 222 354 224 354 225 355 235 355 236 354 238 354 239 353 240 353 244 349 244 347 245 346 245 345 246 344 246 337 245 336 245 334 244 333 244 332 240 328 239 328 236 325 234 325 233 324 231 324
0 217 283 216 284 214 284 213 285 211 285 210 286 209 286 205 290 205 291 204 292 204 293 203 294 203 296 202 297 202 305 203 306 203 308 204 309 204 310 205 311 205 312 207 314 207 315 209 317 210 317 211 318 213 318 214 319 216 319 217 320 225 320 226 319 227 319 228 320 229 319 231 319 233 317 233 316 236 313 236 312 237 311 237 310 238 309 238 297 237 296 237 294 236 293 236 291 232 287 231 287 229 285 228 285 227 284 225 284 224 283
0 376 135 375 136 373 136 372 137 371 137 365 143 365 144 364 145 364 147 363 148 363 159 364 160 364 161 365 162 365 163 371 169 373 169 374 170 377 170 378 171 384 171 385 170 387 170 388 169 389 169 391 167 392 167 396 163 396 162 397 161 397 159 398 158 398 149 397 148 397 146 396 145 396 144 395 143 395 142 391 138 390 138 388 136 386 136 385 135
0 339 89 338 90 336 90 329 97 329 98 328 99 328 102 327 103 327 113 328 114 328 115 331 118 332 118 333 119 334 119 335 120 337 120 338 121 348 121 349 120 351 120 352 119 353 119 354 118 355 118 358 115 358 114 359 113 359 112 360 111 360 110 361 109 361 101 360 100 360 97 357 94 357 93 355 91 354 91 353 90 351 90 350 89
0 617 80 616 81 614 81 613 82 612 82 611 83 610 83 607 86 607 87 606 88 606 89 605 90 605 91 604 92 604 93 603 94 603 100 604 101 604 103 605 104 605 105 606 106 606 107 612 113 613 113 614 114 615 114 616 115 618 115 619 116 622 116 623 117 628 117 629 116 631 116 632 115 633 115 634 114 635 114 636 113 637 113 639 111 639 86 638 85 637 85 635 83 634 83 633 82 631 82 630 81 627 81 626 80
0 372 19 371 20 369 20 368 21 367 21 365 23 364 23 360 27 360 29 359 30 359 41 365 47 366 47 367 48 369 48 370 49 377 49 378 48 380 48 381 47 382 47 383 46 384 46 386 44 386 43 388 41 388 40 389 39 389 37 390 36 390 32 389 31 389 28 388 27 388 26 383 21 382 21 381 20 379 20 378 19
0 294 67 293 68 291 68 290 69 288 69 287 70 286 70 285 71 284 71 282 73 281 73 279 75 279 76 277 78 277 79 276 80 276 82 275 83 275 92 276 93 276 94 277 95 277 96 280 99 281 99 282 100 284 100 285 101 288 101 289 102 298 102 299 101 301 101 302 100 303 100 304 99 305 99 307 97 308 97 311 94 311 93 312 92 312 91 313 90 313 89 314 88 314 78 313 77 313 76 312 75 312 74 308 70 307 70 306 69 305 69 304 68 302 68 301 67
0 299 32 298 33 296 33 294 35 294 36 293 37 293 38 291 40 291 41 290 42 290 52 291 53 291 55 296 60 298 60 299 61 302 61 303 62 306 62 307 63 311 63 312 62 314 62 315 61 316 61 319 58 319 57 320 56 320 55 321 54 321 53 322 52 322 45 321 44 321 43 320 42 320 41 318 39 317 39 311 33 309 33 308 32
0 562 22 561 23 558 23 557 24 555 24 551 28 551 29 550 30 550 31 549 32 549 34 548 35 548 41 549 42 549 43 550 44 550 46 551 47 551 48 554 51 555 51 556 52 558 52 559 53 561 53 562 54 566 54 567 53 570 53 571 52 573 52 580 45 580 44 581 43 581 31 580 30 580 29 575 24 574 24 573 23 571 23 570 22
0 582 181 581 182 579 182 578 183 577 183 576 184 575 184 570 189 570 190 569 191 569 200 570 201 570 202 571 203 571 204 576 209 577 209 578 210 580 210 581 211 583 211 584 212 590 212 591 211 593 211 594 210 595 210 596 209 597 209 602 204 602 202 603 201 603 192 602 191 602 189 597 184 596 184 595 183 594 183 593 182 591 182 590 181
0 213 63 212 64 210 64 209 65 208 65 207 66 206 66 204 68 204 69 202 71 202 73 201 74 201 75 200 76 200 82 201 83 201 84 203 86 203 87 208 92 209 92 210 93 212 93 213 94 220 94 221 93 223 93 224 92 225 92 229 88 229 87 231 85 231 84 232 83 232 72 231 71 231 70 225 64 223 64 222 63
0 55 0 55 2 54 3 54 5 53 6 53 15 54 16 54 18 55 19 55 20 62 27 64 27 65 28 67 28 68 29 72 29 73 28 75 28 76 27 78 27 83 22 83 21 84 20 84 19 85 18 85 7 84 6 84 5 83 4 83 3 80 0
0 153 156 152 157 150 157 149 158 148 158 147 159 146 159 141 164 141 165 140 166 140 168 139 169 139 170 138 171 138 182 140 184 140 185 147 192 149 192 150 193 153 193 154 194 155 194 156 193 159 193 160 192 162 192 163 191 164 191 169 186 169 185 170 184 170 183 171 182 171 181 172 180 172 178 173 177 173 167 172 166 172 165 164 157 162 157 161 156
0 119 131 118 132 116 132 111 137 110 137 108 139 108 158 111 161 112 161 116 165 117 165 118 166 120 166 121 167 123 167 124 168 127 168 128 167 130 167 131 166 133 166 134 165 135 165 141 159 141 158 142 157 142 143 133 134 132 134 130 132 128 132 127 131
0 250 84 249 85 247 85 246 86 245 86 244 87 243 87 238 92 238 93 237 94 237 101 238 102 238 103 239 104 239 105 245 111 246 111 248 113 250 113 251 114 257 114 258 113 260 113 261 112 262 112 263 111 264 111 269 106 269 105 271 103 271 101 272 100 272 96 271 95 271 94 270 93 270 91 266 87 265 87 264 86 263 86 262 85 260 85 259 84
0 198 162 197 163 195 163 194 164 193 164 192 165 191 165 189 167 188 167 186 169 186 170 185 171 185 173 184 174 184 178 183 179 183 186 184 187 184 189 185 190 185 191 186 192 186 193 193 200 194 200 195 201 197 201 198 202 205 202 206 201 208 201 209 200 210 200 211 199 212 199 217 194 217 192 218 191 218 186 219 185 219 180 218 179 218 175 217 174 217 172 215 170 215 169 211 165 210 165 208 163 206 163 205 162
0 74 124 73 125 68 125 67 126 65 126 64 127 63 127 62 128 61 128 55 134 55 136 54 137 54 139 53 140 53 146 54 147 54 148 55 149 55 150 57 152 57 153 58 154 58 155 59 156 59 158 60 159 60 160 62 162 62 163 64 165 65 165 67 167 68 167 69 168 70 168 71 169 73 169 74 170 76 170 77 171 86 171 87 170 89 170 90 169 91 169 92 168 93 168 97 164 97 163 99 161 99 160 100 159 100 157 101 156 101 145 100 144 100 141 99 140 99 139 98 138 98 137 89 128 88 128 87 127 85 127 84 126 82 126 81 125 77 125 76 124
0 179 128 178 129 176 129 175 130 173 130 169 134 169 135 168 136 168 137 167 138 167 140 166 141 166 147 167 148 167 150 168 151 168 152 175 159 177 159 178 160 181 160 182 161 186 161 187 160 189 160 190 159 191 159 192 158 193 158 199 152 199 151 200 150 200 148 201 147 201 141 200 140 200 138 199 137 199 136 197 134 197 133 194 130 193 130 192 129 190 129 189 128
0 255 235 254 236 252 236 251 237 250 237 249 238 248 238 242 244 242 245 241 246 241 247 240 248 240 251 239 252 239 260 240 261 240 263 241 264 241 265 243 267 243 268 247 272 248 272 249 273 251 273 252 274 263 274 264 273 266 273 267 272 268 272 269 271 270 271 275 266 275 265 276 264 276 263 277 262 277 260 278 259 278 249 277 248 277 247 276 246 276 245 275 244 275 243 268 236 266 236 265 235
0 266 195 265 196 263 196 262 197 260 197 259 198 258 198 256 200 256 203 255 204 255 205 254 206 254 207 253 208 253 212 254 213 254 215 255 216 255 218 256 219 256 221 263 228 265 228 266 229 268 229 269 230 270 229 273 229 274 228 276 228 282 222 282 221 283 220 283 218 284 217 284 206 283 205 283 202 279 198 277 198 276 197 275 197 274 196 272 196 271 195
0 177 34 176 35 174 35 173 36 171 36 170 37 168 37 167 38 166 38 163 41 163 42 162 43 162 44 161 45 161 54 162 55 162 56 163 57 163 59 169 65 170 65 171 66 173 66 174 67 181 67 182 66 184 66 185 65 187 65 192 60 192 59 193 58 193 57 194 56 194 55 195 54 195 45 194 44 194 43 187 36 185 36 184 35 182 35 181 34
0 388 329 387 330 385 330 384 331 383 331 378 336 378 338 377 339 377 345 378 346 378 348 379 349 379 350 385 356 387 356 388 357 391 357 392 358 399 358 400 357 402 357 406 353 406 352 407 351 407 341 406 340 406 339 405 338 405 337 404 336 404 335 402 333 401 333 399 331 398 331 397 330 395 330 394 329
0 430 326 429 327 427 327 426 328 425 328 424 329 423 329 422 330 421 330 420 331 418 331 415 334 415 339 414 340 414 348 415 349 415 351 416 352 416 353 419 356 421 356 422 357 425 357 426 358 436 358 437 357 439 357 440 356 445 356 446 355 448 355 450 353 450 352 451 351 451 349 452 348 452 347 453 346 453 339 452 338 452 336 451 335 451 333 448 330 446 330 445 329 443 329 442 328 440 328 439 327 437 327 436 326
0 434 283 433 284 431 284 430 285 429 285 428 286 427 286 423 290 423 291 421 293 421 295 420 296 420 306 421 307 421 308 422 309 422 310 424 312 424 313 426 315 427 315 429 317 431 317 432 318 437 318 438 319 439 318 445 318 446 317 448 317 449 316 450 316 455 311 455 310 456 309 456 308 457 307 457 297 456 296 456 294 455 293 455 292 454 291 454 290 451 287 450 287 448 285 447 285 446 284 444 284 443 283
0 256 281 255 282 253 282 252 283 250 283 245 288 245 289 244 290 244 292 243 293 243 302 244 303 244 305 245 306 245 307 248 310 249 310 251 312 253 312 254 313 263 313 264 312 266 312 267 311 268 311 269 310 270 310 274 306 274 305 276 303 276 301 277 300 277 292 276 291 276 290 275 289 275 288 270 283 269 283 268 282 266 282 265 281
0 545 346 544 347 542 347 541 348 539 348 538 349 537 349 533 353 532 353 529 356 529 357 528 358 528 369 529 370 529 371 530 372 530 374 531 375 531 376 534 379 535 379 537 381 538 381 540 383 542 383 543 384 550 384 551 383 553 383 554 382 556 382 560 378 560 376 562 374 562 372 563 371 563 369 564 368 564 367 565 366 565 361 564 360 564 359 563 358 563 357 561 355 561 354 559 352 559 351 556 348 555 348 554 347 552 347 551 346
0 115 27 114 28 111 28 110 29 108 29 107 30 106 30 101 35 101 36 100 37 100 39 99 40 99 48 100 49 100 50 101 51 101 52 108 59 110 59 111 60 113 60 114 61 120 61 121 60 123 60 124 59 125 59 130 54 130 53 131 52 131 38 130 37 130 36 129 35 129 34 125 30 124 30 123 29 121 29 120 28 117 28 116 27
0 36 147 35 148 33 148 32 149 30 149 27 152 26 152 24 154 24 155 23 156 23 157 22 158 22 159 21 160 21 165 22 166 22 167 23 168 23 169 28 174 30 174 31 175 33 175 34 176 36 176 37 175 41 175 42 174 44 174 45 173 46 173 50 169 50 168 51 167 51 166 52 165 52 157 51 156 51 155 50 154 50 153 46 149 45 149 44 148 42 148 41 147
0 12 0 8 4 8 5 7 6 7 7 6 8 6 9 5 10 5 17 6 18 6 19 7 20 7 22 8 23 8 25 9 26 9 27 11 29 12 29 13 30 15 30 16 31 18 31 19 32 26 32 27 31 29 31 30 30 32 30 33 29 34 29 38 25 38 24 40 22 40 21 41 20 41 17 42 16 42 11 41 10 41 8 40 7 40 6 39 5 39 4 37 2 37 1 36 0
0 142 99 141 100 139 100 138 101 137 101 136 102 135 102 129 108 129 109 128 110 128 119 129 120 129 122 132 125 132 126 137 131 138 131 139 132 141 132 142 133 151 133 152 132 154 132 155 131 156 131 161 126 161 125 162 124 162 123 163 122 163 114 162 113 162 111 161 110 161 109 160 108 160 107 159 106 159 105 157 103 156 103 155 102 154 102 153 101 151 101 150 100 147 100 146 99
0 243 128 242 129 240 129 239 130 237 130 234 133 233 133 231 135 230 135 227 138 227 141 226 142 226 144 225 145 225 149 226 150 226 153 227 154 227 157 234 164 236 164 237 165 239 165 240 166 248 166 249 165 251 165 252 164 253 164 258 159 258 158 259 157 259 156 260 155 260 152 261 151 261 148 262 147 262 142 261 141 261 140 260 139 260 137 259 136 259 135 255 131 254 131 253 130 252 130 251 129 249 129 248 128
0 181 86 180 87 178 87 177 88 176 88 175 89 174 89 173 90 172 90 169 93 169 94 167 96 167 97 166 98 166 100 165 101 165 105 166 106 166 107 167 108 167 110 168 111 168 112 169 113 169 114 175 120 177 120 178 121 191 121 192 120 194 120 200 114 200 113 202 111 202 110 203 109 203 99 202 98 202 97 201 96 201 95 199 93 199 92 197 90 196 90 194 88 193 88 192 87 190 87 189 86
0 487 419 486 420 484 420 483 421 481 421 476 426 476 427 474 429 474 432 473 433 473 441 474 442 474 444 475 445 475 446 476 447 476 448 479 451 480 451 482 453 484 453 485 454 487 454 488 455 494 455 495 454 497 454 498 453 499 453 500 452 502 452 505 449 505 448 506 447 506 443 507 442 507 440 508 439 508 438 509 437 509 433 508 432 508 430 507 429 507 428 506 427 506 426 501 421 500 421 499 420 497 420 496 419
0 204 25 203 26 201 26 200 27 199 27 196 30 196 31 194 33 194 42 196 44 196 46 197 47 197 52 200 55 202 55 203 56 206 56 207 57 210 57 211 56 213 56 214 55 216 55 217 54 218 54 222 50 222 49 223 48 223 46 224 45 224 37 223 36 223 35 222 34 222 33 218 29 217 29 216 28 214 28 213 27 211 27 210 26 208 26 207 25
0 75 72 74 73 66 73 65 74 63 74 60 77 59 77 56 80 56 81 55 82 55 84 54 85 54 87 53 88 53 98 56 101 56 103 57 104 57 105 59 107 61 107 62 108 65 108 66 109 68 109 69 110 74 110 75 109 77 109 78 108 79 108 82 105 83 105 88 100 88 99 90 97 90 89 89 88 89 82 85 78 84 78 79 73 77 73 76 72
0 266 12 265 13 263 13 262 14 257 14 256 15 254 15 252 17 252 18 251 19 251 20 250 21 249 21 247 23 247 24 246 25 246 31 247 32 247 38 250 41 251 41 252 42 252 43 253 44 253 45 256 48 258 48 259 49 260 48 269 48 270 49 271 48 273 48 275 46 276 46 283 39 283 27 282 26 282 25 281 24 281 23 274 16 273 16 272 15 271 15 269 13 267 13
0 0 115 0 148 8 148 9 147 11 147 13 145 14 145 16 143 17 143 21 139 21 136 22 135 22 128 20 126 20 125 19 124 19 123 18 122 18 121 16 119 15 119 13 117 12 117 11 116 9 116 8 115
0 0 56 0 92 1 92 2 91 4 91 5 90 6 90 7 89 9 89 11 87 11 86 13 84 13 83 14 82 14 81 15 80 15 79 16 78 16 77 17 76 17 75 18 74 18 69 17 68 17 67 16 66 16 65 8 57 6 57 5 56
0 139 46 138 47 136 47 132 51 132 53 131 54 131 55 130 56 130 57 129 58 128 58 126 60 124 60 122 62 122 71 123 72 123 73 124 74 124 75 125 76 125 78 126 79 126 80 131 85 132 85 133 86 135 86 136 87 139 87 140 88 143 88 144 87 146 87 150 83 151 83 154 80 155 80 158 77 158 76 159 75 159 72 160 71 160 65 159 64 159 63 157 61 157 60 155 58 155 53 152 50 150 50 149 49 145 49 144 48 143 48 142 47 140 47
0 454 414 453 415 451 415 450 416 448 416 447 417 446 417 442 421 442 423 441 424 441 428 440 429 440 437 443 440 443 441 446 444 447 444 448 445 450 445 451 446 456 446 457 445 459 445 460 444 461 444 467 438 467 436 468 435 468 431 469 430 469 425 468 424 468 423 467 422 467 421 463 417 462 417 461 416 460 416 459 415 457 415 456 414
0 314 306 313 307 306 307 305 308 303 308 301 310 300 310 296 314 296 321 297 322 297 324 298 325 298 327 299 328 299 329 304 334 305 334 306 335 307 335 309 337 311 337 312 338 314 338 315 339 319 339 320 338 322 338 323 337 325 337 326 336 327 336 333 330 333 329 334 328 334 316 333 315 333 314 328 309 326 309 325 308 323 308 322 307 318 307 317 306
0 393 258 392 259 390 259 389 260 388 260 387 261 386 261 383 264 383 265 382 266 382 267 381 268 381 280 382 281 382 282 383 283 383 284 388 289 389 289 390 290 392 290 393 291 397 291 398 290 401 290 402 289 404 289 410 283 410 282 411 281 411 279 412 278 412 272 411 271 411 268 410 267 410 266 404 260 403 260 402 259 400 259 399 258
0 368 195 367 196 365 196 364 197 363 197 361 199 360 199 358 201 357 201 355 203 355 204 353 206 353 211 354 212 354 215 355 216 355 219 356 220 356 223 359 226 360 226 362 228 364 228 365 229 368 229 369 230 370 230 371 229 373 229 374 228 376 228 378 226 379 226 383 222 383 221 384 220 384 219 385 218 385 206 384 205 384 203 383 202 383 201 380 198 379 198 378 197 377 197 376 196 374 196 373 195
0 626 218 625 219 620 219 619 220 617 220 615 222 615 223 613 225 612 225 609 228 609 232 610 233 610 241 611 242 611 243 612 244 612 245 616 249 618 249 619 250 621 250 622 251 625 251 626 252 627 252 628 251 633 251 634 250 636 250 637 249 638 249 639 248 639 221 638 220 637 220 636 219 634 219 633 218
0 322 357 321 358 319 358 318 359 316 359 309 366 309 368 308 369 308 380 309 381 309 382 310 383 310 384 315 389 316 389 317 390 318 390 319 391 321 391 322 392 329 392 330 391 332 391 333 390 334 390 338 386 338 385 340 383 340 382 341 381 341 369 340 368 340 367 339 366 339 365 338 364 338 363 334 359 333 359 332 358 330 358 329 357
0 298 215 297 216 295 216 288 223 288 224 287 225 287 227 286 228 286 236 287 237 287 238 288 239 288 240 290 242 291 242 292 243 293 243 294 244 296 244 297 245 299 245 300 246 305 246 306 245 308 245 314 239 314 238 315 237 315 236 316 235 316 224 314 222 314 221 309 216 307 216 306 215
0 372 367 371 368 369 368 368 369 366 369 361 374 361 376 360 377 360 385 361 386 361 388 362 389 362 390 368 396 369 396 371 398 373 398 374 399 382 399 383 398 385 398 386 397 387 397 391 393 391 391 392 390 392 379 391 378 391 377 390 376 390 375 385 370 384 370 383 369 382 369 381 368 379 368 378 367
0 415 406 414 407 412 407 410 409 409 409 404 414 404 415 403 416 403 417 402 418 402 427 403 428 403 430 404 431 404 432 409 437 410 437 411 438 413 438 414 439 423 439 424 438 426 438 432 432 432 431 433 430 433 429 434 428 434 426 435 425 435 418 434 417 434 415 433 414 433 413 428 408 427 408 426 407 424 407 423 406
0 494 206 493 207 491 207 490 208 488 208 487 209 486 209 484 211 484 212 483 213 483 216 482 217 482 218 480 220 480 225 481 226 481 227 482 228 482 231 486 235 487 235 488 236 489 236 490 237 492 237 493 238 501 238 502 237 504 237 507 234 507 233 512 228 512 217 511 216 511 215 508 212 508 211 505 208 503 208 502 207 499 207 498 206
0 518 233 517 234 515 234 512 237 512 238 510 240 510 241 506 245 506 246 505 247 505 249 504 250 504 257 505 258 505 260 506 261 506 263 512 269 513 269 514 270 516 270 517 271 522 271 523 270 525 270 527 268 528 268 529 267 530 267 531 266 532 266 533 265 534 265 536 263 536 261 538 259 538 258 539 257 539 245 538 244 538 243 537 242 537 240 533 236 531 236 530 235 529 235 528 234 526 234 525 233 521 233 520 234 519 233
0 461 190 460 191 458 191 457 192 455 192 451 196 451 197 450 198 450 199 449 200 449 201 448 202 448 204 447 205 447 212 448 213 448 214 449 215 449 216 450 217 450 218 454 222 455 222 456 223 458 223 459 224 467 224 468 223 470 223 471 222 472 222 474 220 474 219 475 218 475 217 476 216 476 215 477 214 477 213 478 212 478 201 477 200 477 199 475 197 474 197 469 192 468 192 467 191 465 191 464 190
0 335 206 334 207 331 207 330 208 328 208 325 211 325 212 324 213 324 214 323 215 323 217 322 218 322 230 323 231 323 235 324 236 324 237 325 238 325 239 328 242 330 242 331 243 337 243 338 242 340 242 341 241 342 241 343 240 344 240 347 237 347 236 351 232 351 224 350 223 350 220 349 219 349 215 348 214 348 212 345 209 344 209 343 208 342 208 341 207 339 207 338 206
0 168 325 167 326 165 326 164 327 163 327 162 328 161 328 158 331 158 332 156 334 156 335 155 336 155 345 156 346 156 348 157 349 157 350 158 351 158 352 160 354 161 354 162 355 163 355 164 356 165 356 166 357 168 357 169 358 175 358 176 357 178 357 179 356 181 356 186 351 186 350 187 349 187 348 188 347 188 339 187 338 187 336 186 335 186 334 185 333 185 332 180 327 179 327 178 326 176 326 175 325
0 519 313 518 314 516 314 515 315 514 315 510 319 510 327 511 328 511 331 512 332 512 334 513 335 513 336 514 337 514 338 519 343 520 343 522 345 523 345 524 346 526 346 527 347 530 347 531 346 533 346 534 345 535 345 539 341 539 340 540 339 540 332 539 331 539 330 538 329 538 328 537 327 537 326 535 324 535 323 533 321 533 320 529 316 528 316 526 314 524 314 523 313
0 342 428 341 429 339 429 338 430 337 430 336 431 335 431 330 436 330 437 329 438 329 439 328 440 328 444 327 445 327 450 328 451 328 454 329 455 329 456 331 458 331 459 335 463 336 463 337 464 339 464 340 465 342 465 343 466 349 466 350 465 353 465 354 464 356 464 357 463 358 463 364 457 364 456 365 455 365 453 366 452 366 445 365 444 365 442 364 441 364 440 363 439 363 438 357 432 356 432 355 431 354 431 353 430 352 430 351 429 349 429 348 428
0 423 366 422 367 420 367 419 368 417 368 416 369 415 369 410 374 410 376 409 377 409 379 408 380 408 386 409 387 409 389 410 390 410 391 411 392 411 393 416 398 417 398 418 399 420 399 421 400 426 400 427 401 429 401 430 400 432 400 433 399 435 399 436 398 437 398 442 393 442 392 443 391 443 388 444 387 444 380 443 379 443 377 441 375 441 374 436 369 435 369 434 368 433 368 432 367 430 367 429 366
0 490 384 489 385 487 385 486 386 484 386 483 387 481 387 478 390 478 391 476 393 476 402 477 403 477 404 479 406 479 407 482 410 483 410 484 411 486 411 487 412 496 412 497 411 499 411 500 410 501 410 502 409 503 409 508 404 508 403 509 402 509 395 508 394 508 392 502 386 501 386 500 385 498 385 497 384
0 479 267 478 268 475 268 474 269 472 269 470 271 469 271 466 274 466 275 463 278 463 279 462 280 462 281 461 282 461 289 462 290 462 293 463 294 463 295 464 296 464 297 466 299 467 299 468 300 470 300 471 301 473 301 474 302 482 302 483 301 485 301 486 300 487 300 495 292 495 291 496 290 496 289 497 288 497 280 496 279 496 277 495 276 495 275 491 271 490 271 488 269 486 269 485 268 482 268 481 267
0 288 410 287 411 285 411 284 412 282 412 281 413 280 413 279 414 278 414 273 419 273 421 271 423 271 424 270 425 270 426 269 427 269 431 271 433 271 434 272 435 272 436 273 437 273 438 278 443 280 443 281 444 284 444 285 445 291 445 292 444 294 444 295 443 296 443 297 442 298 442 300 440 301 440 304 437 304 436 305 435 305 433 306 432 306 429 307 428 307 423 306 422 306 421 305 420 305 419 304 418 304 417 300 413 299 413 298 412 296 412 295 411 291 411 290 410
0 131 243 130 244 128 244 127 245 126 245 125 246 124 246 123 247 122 247 119 250 119 251 118 252 118 254 117 255 117 256 116 257 116 263 117 264 117 266 119 268 119 269 122 272 123 272 125 274 126 274 127 275 129 275 130 276 133 276 134 275 137 275 138 274 140 274 141 273 142 273 143 272 144 272 147 269 147 266 148 265 148 262 149 261 149 256 148 255 148 254 146 252 146 251 145 250 145 249 142 246 140 246 139 245 137 245 136 244 133 244 132 243
0 44 180 43 181 35 181 34 182 32 182 25 189 25 193 26 194 26 198 27 199 27 200 28 201 28 203 29 204 29 205 31 207 32 207 34 209 35 209 36 210 38 210 39 211 42 211 43 212 46 212 47 211 49 211 50 210 51 210 56 205 56 203 57 202 57 192 56 191 56 189 55 188 55 187 51 183 50 183 49 182 48 182 47 181 45 181
0 77 402 76 403 74 403 72 405 71 405 70 406 69 406 64 411 64 419 63 420 63 424 67 428 67 429 68 430 68 431 72 435 73 435 74 436 75 436 76 437 78 437 79 438 84 438 85 437 87 437 88 436 90 436 96 430 96 429 97 428 97 427 98 426 98 413 90 405 89 405 88 404 86 404 85 403 82 403 81 402
0 176 421 175 422 172 422 171 423 167 423 166 424 164 424 162 426 162 427 161 428 161 430 160 431 160 432 159 433 159 443 161 445 161 446 164 449 165 449 167 451 168 451 169 452 171 452 172 453 174 453 175 454 176 454 177 453 179 453 180 452 181 452 182 451 184 451 186 449 187 449 191 445 191 437 190 436 190 435 188 433 188 432 186 430 186 428 185 427 185 424 183 422 181 422 180 421
0 209 369 208 370 206 370 205 371 204 371 203 372 202 372 197 377 197 378 196 379 196 380 195 381 195 388 196 389 196 391 198 393 199 393 201 395 203 395 204 396 206 396 207 397 210 397 211 398 217 398 218 397 220 397 221 396 223 396 224 395 225 395 230 390 230 389 231 388 231 381 230 380 230 378 228 376 228 375 226 373 225 373 223 371 221 371 220 370 218 370 217 369
0 32 217 31 218 29 218 28 219 27 219 26 220 25 220 23 222 23 223 22 224 22 226 21 227 21 238 29 246 31 246 32 247 34 247 35 248 47 248 48 247 50 247 54 243 54 242 55 241 55 230 54 229 54 227 53 226 53 225 51 223 51 222 49 220 48 220 47 219 45 219 44 218 42 218 41 217
0 123 415 122 416 120 416 117 419 116 419 115 420 114 420 113 421 112 421 110 423 110 426 109 427 109 429 108 430 108 432 107 433 107 438 110 441 110 442 111 443 111 444 113 446 114 446 118 450 120 450 121 451 122 450 126 450 127 451 129 451 130 452 131 451 133 451 138 446 139 446 144 441 144 435 145 434 145 429 143 427 143 426 142 425 142 421 139 418 137 418 136 417 135 417 134 416 132 416 131 415 128 415 127 416 124 416
0 83 356 82 357 80 357 79 358 77 358 76 359 75 359 74 360 73 360 70 363 70 364 68 366 68 381 70 383 71 383 72 384 73 384 76 387 78 387 79 388 84 388 85 387 87 387 88 386 90 386 91 385 92 385 95 382 95 380 96 379 96 377 98 375 98 369 97 368 97 367 96 366 96 365 95 364 95 363 94 362 94 361 91 358 90 358 89 357 87 357 86 356
0 179 248 178 249 176 249 173 252 173 253 168 258 168 266 169 267 169 270 170 271 170 272 173 275 174 275 176 277 178 277 179 278 186 278 187 277 189 277 190 276 191 276 197 270 197 269 198 268 198 266 199 265 199 259 198 258 198 257 191 250 189 250 188 249 185 249 184 248
0 7 360 6 361 4 361 3 362 2 362 1 363 0 363 0 393 1 394 3 394 4 395 6 395 7 396 9 396 10 395 13 395 14 394 16 394 18 392 19 392 22 389 22 388 23 387 23 380 24 379 24 368 17 361 15 361 14 360
0 250 395 249 396 247 396 246 397 245 397 240 402 240 403 239 404 239 411 240 412 240 415 241 416 241 418 242 419 242 420 250 428 252 428 253 429 260 429 261 428 263 428 266 425 266 423 267 422 267 420 268 419 268 413 267 412 267 409 266 408 266 406 265 405 265 404 263 402 263 401 261 399 260 399 258 397 256 397 255 396 253 396 252 395
0 150 357 149 358 147 358 146 359 145 359 144 360 143 360 138 365 138 366 137 367 137 368 136 369 136 372 135 373 135 377 136 378 136 381 138 383 138 384 141 387 142 387 144 389 146 389 147 390 156 390 157 389 159 389 160 388 162 388 163 387 164 387 167 384 167 383 168 382 168 381 169 380 169 369 168 368 168 367 163 362 162 362 160 360 159 360 158 359 157 359 156 358 154 358 153 357
0 127 189 126 190 124 190 123 191 122 191 116 197 116 199 115 200 115 201 114 202 114 212 116 214 116 215 120 219 122 219 123 220 127 220 128 219 130 219 132 217 133 217 140 210 140 209 142 207 142 198 141 197 141 196 140 195 140 194 136 190 134 190 133 189
0 90 185 89 186 83 186 82 187 80 187 73 194 73 195 72 196 72 200 73 201 73 202 72 203 72 209 75 212 75 213 76 214 76 215 77 216 77 217 79 219 80 219 82 221 83 221 84 222 86 222 87 223 98 223 99 222 101 222 106 217 106 216 107 215 107 214 108 213 108 211 109 210 109 200 108 199 108 198 107 197 107 196 105 194 105 193 104 192 104 191 102 189 101 189 99 187 97 187 96 186 94 186 93 185
0 57 326 56 327 54 327 52 329 51 329 49 331 49 332 47 334 47 336 46 337 46 346 47 347 47 348 48 349 48 350 50 352 51 352 53 354 54 354 55 355 56 355 57 356 59 356 60 357 65 357 66 356 68 356 69 355 70 355 76 349 76 337 75 336 75 335 74 334 74 333 71 330 70 330 68 328 66 328 65 327 63 327 62 326
0 229 425 228 426 226 426 225 427 223 427 217 433 217 434 215 436 215 438 214 439 214 441 213 442 213 448 214 449 214 451 215 452 215 453 216 454 216 455 220 459 221 459 223 461 225 461 226 462 236 462 237 461 239 461 240 460 241 460 243 458 244 458 246 456 246 455 249 452 249 450 250 449 250 438 249 437 249 436 248 435 248 434 244 430 243 430 240 427 239 427 238 426 236 426 235 425
0 72 288 71 289 69 289 67 291 66 291 65 292 64 292 60 296 60 297 58 299 58 301 57 302 57 310 58 311 58 313 59 314 59 315 64 320 66 320 67 321 68 321 70 323 71 323 72 324 74 324 75 325 77 325 78 324 81 324 82 323 84 323 86 321 87 321 92 316 92 314 93 313 93 311 94 310 94 301 93 300 93 299 92 298 92 297 91 296 91 295 87 291 86 291 85 290 84 290 83 289 81 289 80 288
0 26 400 25 401 23 401 22 402 21 402 20 403 19 403 18 404 17 404 12 409 12 410 11 411 11 412 10 413 10 414 9 415 9 425 10 426 10 427 12 429 12 430 16 434 18 434 19 435 28 435 29 434 31 434 41 424 41 423 42 422 42 421 43 420 43 413 42 412 42 409 41 408 41 407 38 404 37 404 36 403 35 403 34 402 32 402 31 401 29 401 28 400
0 153 278 152 279 148 279 147 280 145 280 144 281 143 281 137 287 137 288 136 289 136 290 135 291 135 301 136 302 136 303 137 304 137 305 138 306 138 307 140 309 141 309 143 311 144 311 145 312 146 312 147 313 149 313 150 314 158 314 159 313 161 313 162 312 163 312 169 306 169 305 170 304 170 291 169 290 169 289 168 288 168 287 163 282 162 282 160 280 158 280 157 279 155 279 154 278
0 0 206 0 238 6 238 7 237 9 237 10 236 11 236 15 232 15 229 16 228 16 225 17 224 17 217 16 216 16 215 15 214 15 213 11 209 9 209 8 208 7 208 6 207 4 207 3 206
0 111 338 110 339 107 339 106 340 104 340 101 343 101 344 99 346 99 348 98 349 98 351 97 352 97 356 99 358 99 359 101 361 101 362 102 363 102 364 105 367 107 367 108 368 110 368 111 369 113 369 114 370 119 370 120 369 122 369 128 363 129 363 132 360 132 354 133 353 133 349 131 347 131 346 129 344 129 343 127 341 125 341 124 340 122 340 121 339 119 339 118 338
1 62 34 60 35 55 40 54 42 53 44 52 47 52 51 53 54 54 56 56 59 59 63 60 64 62 65 64 66 68 67 71 67 75 66 78 65 80 64 85 59 86 57 87 54 87 48 86 45 85 43 84 41 79 36 77 35 67 34
0 42 40 37 41 32 43 30 44 27 46 24 48 19 53 16 54 15 55 14 57 14 60 17 65 18 68 18 75 20 77 22 77 24 76 29 72 32 71 43 71 47 73 51 76 53 77 57 77 60 74 61 71 61 68 60 66 59 64 54 58 52 55 51 52 51 43 49 41 47 40
1 547 265 544 266 542 267 540 269 530 274 525 276 528 278 529 281 534 283 539 283 541 284 543 285 544 286 549 292 551 293 560 293 562 292 564 291 568 287 570 285 570 283 571 283 572 275 570 271 570 269 567 267 562 265
1 578 250 574 251 572 252 569 254 565 258 564 262 562 264 561 266 561 269 562 273 564 277 565 279 566 280 567 280 572 284 574 285 576 286 582 287 586 286 589 285 592 284 594 282 595 282 596 281 599 277 600 275 601 271 601 265 600 262 599 260 598 258 593 253 591 252 589 251 586 250
1 528 285 525 286 519 289 515 293 514 295 513 298 513 306 516 312 518 313 523 313 525 314 529 317 533 317 535 316 538 314 541 312 543 310 545 307 546 303 546 299 545 296 543 292 542 290 541 289 540 289 535 285
1 162 225 158 226 154 228 152 230 150 233 149 237 149 243 150 246 153 252 156 256 158 257 162 258 171 258 175 254 178 253 179 250 181 248 183 248 181 247 181 237 178 231 175 228 172 226 169 225
1 8 256 5 257 2 258 0 259 0 287 3 287 4 288 9 288 14 287 16 286 18 285 20 283 21 283 22 282 24 280 25 278 26 276 26 265 25 263 21 259 19 258 16 257 13 256
1 65 234 63 235 62 238 58 242 51 248 50 248 45 253 45 257 49 261 50 264 51 267 50 278 50 281 51 284 53 286 55 287 60 287 62 286 64 284 66 283 69 282 75 281 77 280 79 279 84 274 86 271 87 268 88 263 88 256 87 252 86 249 85 247 83 244 79 240 76 238 71 235 68 234
0 296 172 294 173 292 175 292 179 290 184 288 186 285 187 283 189 282 191 281 193 281 197 282 199 288 205 290 209 293 212 295 213 305 213 309 215 311 215 312 214 314 214 314 212 315 211 315 209 313 205 312 203 308 197 307 194 306 191 306 186 304 182 304 177 303 174 301 172
1 42 358 41 359 37 359 35 360 32 362 27 367 26 369 25 372 25 384 26 386 28 389 32 393 34 394 36 395 43 398 48 398 51 397 54 395 59 390 62 384 62 373 61 370 60 368 57 364 56 363 53 362 51 360 49 359 45 358
1 476 337 469 340 467 341 465 342 459 348 458 350 457 353 457 357 456 358 456 361 457 365 458 368 459 370 460 372 462 375 465 378 467 379 470 380 473 380 474 381 476 381 481 380 484 379 489 376 490 375 490 374 492 372 495 366 495 357 494 351 493 348 491 345 489 342 486 340 480 337
1 490 319 486 320 484 321 481 323 478 327 477 329 476 332 476 340 478 344 482 347 487 351 491 352 494 351 500 347 504 343 505 340 505 332 504 328 503 325 499 321 497 320 493 319
1 615 265 613 266 610 270 608 273 607 275 607 283 608 284 608 290 610 290 611 291 614 291 617 293 620 296 623 298 629 298 631 297 633 295 634 288 637 283 637 278 634 272 632 269 629 266 626 265
1 606 292 601 293 598 294 596 295 592 298 588 303 587 305 586 311 587 316 588 318 589 320 593 324 595 325 597 326 600 327 607 327 610 326 612 325 614 324 620 318 621 316 622 314 623 311 623 306 622 300 620 298 620 297 619 296 618 296 616 294 614 293 611 292
1 570 402 566 403 564 404 561 406 556 411 554 415 553 418 554 422 557 427 557 433 559 437 561 439 563 440 566 441 571 442 584 441 583 433 583 431 584 426 587 421 587 417 586 416 586 412 588 408 587 406 585 405 581 404 573 402
1 601 416 599 417 597 418 592 423 591 425 590 431 590 434 591 438 593 441 598 446 601 447 604 448 611 449 615 448 618 446 620 443 621 441 622 434 622 426 621 424 619 422 619 421 615 419 612 417 607 416
1 613 391 611 392 607 396 605 399 604 403 604 411 605 415 607 418 613 424 616 425 624 425 627 424 632 420 633 419 633 418 635 416 636 413 637 410 637 403 634 397 632 395 632 394 631 393 629 392 626 391
1 122 0 123 2 123 4 124 6 130 12 133 14 136 15 142 15 145 14 147 13 152 8 153 6 154 3 154 0
1 205 1 205 9 207 14 208 16 210 18 213 20 219 23 222 24 224 24 225 23 228 23 232 21 234 19 238 11 238 7 237 3 236 2 236 0
1 277 0 277 2 276 3 276 5 277 6 277 9 278 11 286 19 288 20 292 21 296 21 299 20 305 17 307 15 309 12 310 9 309 0
1 398 0 396 2 395 5 394 8 394 13 395 15 396 17 399 21 400 22 402 23 408 26 416 26 421 24 423 23 428 18 428 16 430 14 431 11 431 2 430 0
1 626 348 624 349 621 351 617 355 615 358 614 360 613 362 613 365 612 366 612 368 613 375 616 381 619 384 625 385 635 385 639 383 639 349 636 348
1 434 0 434 3 435 5 436 7 438 10 443 15 445 16 447 17 457 17 461 15 463 14 464 13 465 11 467 7 468 4 468 2 467 0
1 474 0 476 4 480 8 483 9 489 9 493 8 496 6 501 0
1 545 0 545 5 548 11 552 14 554 15 556 16 569 16 571 15 573 14 575 12 576 12 577 11 581 6 582 4 582 0
1 616 1 615 3 615 8 616 12 617 14 619 16 620 16 623 19 626 20 632 20 635 19 639 17 639 0
1 636 25 634 26 629 30 627 33 626 35 625 37 625 45 626 47 627 49 630 52 632 53 634 54 637 55 639 55 639 25
1 582 457 578 458 573 463 572 465 571 468 571 475 573 479 598 479 600 478 600 475 601 474 601 471 600 468 599 466 598 464 594 460 592 459 590 458 586 458 585 457
1 617 466 613 467 609 468 606 469 603 472 602 474 602 476 602 479 630 479 630 477 629 475 628 473 626 470 624 468 622 467 620 466
1 459 456 456 457 454 458 452 459 448 463 447 465 446 468 446 477 447 479 480 478 480 468 479 466 478 464 473 459 471 458 469 457 466 456