0 345 4 344 5 342 5 341 6 340 6 339 7 336 7 335 8 333 8 331 10 331 14 327 18 327 26 332 31 332 32 333 33 333 34 337 38 339 38 340 39 341 39 344 42 346 42 347 43 348 42 350 42 353 39 355 39 356 38 358 38 359 37 360 37 363 34 363 21 362 20 362 19 361 18 361 17 360 16 360 13 357 10 356 10 355 9 353 9 351 7 350 7 348 5 346 5
0 369 0 369 1 368 2 368 6 367 7 367 13 368 14 368 17 371 20 371 21 374 24 375 24 376 25 377 25 378 26 380 26 381 27 388 27 389 26 391 26 392 25 393 25 400 18 400 15 401 14 401 5 400 4 400 2 398 0
0 456 58 455 59 453 59 452 60 451 60 448 63 447 63 446 64 445 64 442 67 442 68 441 69 441 70 440 71 440 83 447 90 449 90 450 91 457 91 458 90 460 90 467 83 467 82 469 80 469 79 471 77 471 76 472 75 472 66 470 64 470 63 468 61 467 61 466 60 464 60 463 59 459 59 458 58
0 429 30 428 31 426 31 425 32 424 32 418 38 418 39 416 41 416 42 415 43 415 51 416 52 416 54 417 55 417 56 418 57 418 59 421 62 422 62 423 63 425 63 426 64 432 64 433 63 435 63 436 62 437 62 438 61 439 61 440 60 441 60 442 59 443 59 447 55 447 54 449 52 449 51 450 50 450 40 449 39 449 38 448 37 448 36 444 32 443 32 442 31 440 31 439 30
0 543 110 542 111 540 111 539 112 536 112 535 113 533 113 531 115 531 117 530 118 530 127 531 128 531 130 532 131 532 132 536 136 537 136 538 137 539 137 540 138 542 138 543 139 546 139 547 138 549 138 551 136 552 136 555 133 555 132 556 131 556 129 557 128 557 127 558 126 558 120 557 119 557 118 556 117 556 116 551 111 549 111 548 110
0 631 172 630 173 627 173 626 174 624 174 623 175 622 175 620 177 620 178 619 179 619 180 618 181 618 192 619 193 619 194 620 195 620 196 625 201 626 201 627 202 629 202 630 203 632 203 633 204 634 203 639 203 639 174 638 173 635 173 634 172
0 339 102 338 103 336 103 334 105 333 105 327 111 327 112 326 113 326 114 325 115 325 116 324 117 324 126 325 127 325 128 326 129 326 131 328 133 329 133 330 134 332 134 333 135 336 135 337 136 344 136 345 135 347 135 349 133 350 133 355 128 355 127 356 126 356 125 357 124 357 122 358 121 358 115 357 114 357 112 356 111 356 110 355 109 355 108 351 104 350 104 349 103 347 103 346 102
0 576 84 575 85 573 85 572 86 571 86 570 87 568 87 564 91 564 93 563 94 563 95 562 96 562 97 561 98 561 101 560 102 560 109 563 112 563 114 569 120 571 120 572 121 575 121 576 120 580 120 581 121 582 120 584 120 586 118 586 117 588 115 588 114 592 110 592 97 588 93 588 90 584 86 582 86 581 85 579 85 578 84
0 601 0 601 1 600 2 600 13 601 14 601 15 602 16 602 17 607 22 609 22 610 23 616 23 617 22 619 22 620 21 621 21 623 19 623 18 624 17 624 16 625 15 625 13 626 12 626 5 625 4 625 2 624 1 624 0
0 516 76 515 77 513 77 507 83 507 84 506 85 506 87 505 88 505 98 506 99 506 100 507 101 507 102 512 107 513 107 514 108 516 108 517 109 524 109 525 108 527 108 528 107 529 107 534 102 534 101 535 100 535 99 536 98 536 88 535 87 535 85 533 83 533 82 529 78 528 78 527 77 525 77 524 76
0 294 72 293 73 291 73 282 82 282 84 279 87 279 90 278 91 278 93 276 95 276 101 278 103 278 105 279 106 279 108 281 110 283 110 284 111 289 111 290 112 293 112 294 111 296 111 299 108 299 107 305 101 305 96 304 95 304 94 303 93 303 92 302 91 302 90 301 89 301 88 300 87 300 79 299 78 299 75 297 73 295 73
0 399 65 398 66 396 66 395 67 394 67 391 70 391 73 389 75 387 75 385 77 385 81 386 82 386 86 388 88 389 88 390 89 392 89 397 94 399 94 400 95 403 95 404 94 406 94 407 93 409 93 410 92 411 92 416 87 416 86 417 85 417 75 416 74 416 73 415 72 415 71 412 68 411 68 410 67 409 67 408 66 406 66 405 65
0 327 141 326 142 324 142 323 143 322 143 317 148 317 149 316 150 316 152 315 153 315 162 316 163 316 164 317 165 317 166 318 167 318 168 321 171 322 171 324 173 325 173 326 174 328 174 329 175 333 175 334 174 336 174 340 170 341 170 342 169 344 169 348 165 348 164 349 163 349 153 348 152 348 150 346 148 346 147 342 143 340 143 339 142 336 142 335 141
0 508 169 507 170 505 170 504 171 502 171 496 177 496 178 495 179 495 182 494 183 494 190 495 191 495 193 496 194 496 195 502 201 503 201 504 202 506 202 507 203 513 203 514 202 518 202 519 201 521 201 526 196 526 195 527 194 527 192 528 191 528 182 527 181 527 179 525 177 525 176 521 172 520 172 519 171 518 171 517 170 515 170 514 169
0 421 153 420 154 418 154 417 155 416 155 414 157 414 158 413 159 413 160 412 161 412 165 411 166 411 171 412 172 412 174 413 175 413 176 419 182 420 182 421 183 423 183 424 184 432 184 433 183 435 183 436 182 437 182 438 181 439 181 444 176 444 175 445 174 445 164 444 163 444 162 443 161 443 160 438 155 437 155 436 154 434 154 433 153
0 389 152 388 153 386 153 385 154 383 154 376 161 376 164 375 165 375 170 376 171 376 174 377 175 377 176 379 178 379 179 382 182 383 182 384 183 385 183 386 184 388 184 389 185 393 185 394 184 396 184 397 183 398 183 404 177 404 175 405 174 405 162 404 161 404 160 403 159 403 158 399 154 398 154 397 153 395 153 394 152
0 226 459 225 460 223 460 221 462 220 462 215 467 215 468 214 469 214 472 213 473 213 479 244 479 245 478 245 471 244 470 244 469 236 461 235 461 234 460 232 460 231 459
0 74 268 73 269 71 269 70 270 69 270 64 275 64 276 63 277 63 278 62 279 62 289 63 290 63 291 65 293 65 294 68 297 69 297 70 298 71 298 72 299 74 299 75 300 80 300 81 299 83 299 84 298 86 298 92 292 92 291 93 290 93 287 94 286 94 280 93 279 93 277 92 276 92 275 87 270 86 270 85 269 83 269 82 268
0 251 428 250 429 248 429 246 431 245 431 244 432 243 432 238 437 238 438 237 439 237 441 236 442 236 447 237 448 237 452 238 453 238 454 247 463 249 463 250 464 255 464 256 463 261 463 262 462 264 462 269 457 269 456 270 455 270 453 271 452 271 438 270 437 270 436 265 431 264 431 263 430 261 430 260 429 258 429 257 428
0 206 280 205 281 203 281 202 282 200 282 198 284 197 284 194 287 194 289 193 290 193 298 194 299 194 301 195 302 195 303 196 304 196 305 201 310 203 310 204 311 206 311 207 312 208 311 212 311 213 310 215 310 220 305 220 304 221 303 221 302 224 299 224 293 223 292 223 291 222 290 222 289 221 288 221 287 217 283 216 283 215 282 214 282 213 281 211 281 210 280
0 110 356 109 357 107 357 105 359 104 359 102 361 102 362 101 363 101 365 100 366 100 368 99 369 99 376 100 377 100 379 101 380 101 381 103 383 103 384 105 386 106 386 107 387 109 387 110 388 112 388 113 387 119 387 120 386 122 386 123 385 124 385 128 381 128 380 129 379 129 377 130 376 130 368 129 367 129 366 128 365 128 364 127 363 127 362 123 358 122 358 121 357 119 357 118 356
0 75 345 74 346 72 346 71 347 69 347 63 353 63 354 62 355 62 357 61 358 61 362 62 363 62 366 63 367 63 370 69 376 71 376 72 377 74 377 75 378 82 378 83 377 85 377 86 376 87 376 93 370 93 368 94 367 94 356 93 355 93 354 91 352 91 351 89 349 88 349 87 348 86 348 84 346 82 346 81 345
0 39 429 38 430 36 430 35 431 33 431 28 436 28 437 27 438 27 440 26 441 26 450 27 451 27 453 28 454 28 455 29 456 29 457 34 462 35 462 36 463 38 463 39 464 46 464 47 463 49 463 50 462 52 462 58 456 58 454 59 453 59 443 58 442 58 441 57 440 57 439 55 437 55 436 50 431 48 431 47 430 45 430 44 429
0 5 300 4 301 2 301 1 302 0 302 0 328 1 328 3 330 4 330 5 331 7 331 8 332 14 332 15 331 17 331 18 330 20 330 25 325 25 324 26 323 26 313 25 312 25 311 23 309 23 308 17 302 16 302 15 301 13 301 12 300
0 637 129 636 130 634 130 633 131 631 131 629 133 627 133 621 139 621 142 620 143 620 153 621 154 621 155 622 156 622 157 628 163 630 163 631 164 635 164 636 165 639 165 639 129
0 516 117 515 118 510 118 509 119 507 119 506 120 504 120 500 124 500 125 499 126 499 127 498 128 498 131 497 132 497 141 498 142 498 144 499 145 499 146 502 149 503 149 505 151 506 151 507 152 508 152 509 153 511 153 512 154 513 154 514 153 516 153 517 152 518 152 519 151 521 151 522 150 524 150 526 148 526 147 527 146 527 144 528 143 528 142 529 141 529 134 528 133 528 132 527 131 527 130 526 129 526 128 525 127 525 125 524 124 524 123 519 118 517 118
0 563 46 562 47 560 47 559 48 557 48 550 55 550 57 549 58 549 62 548 63 548 67 549 68 549 71 550 72 550 73 552 75 552 76 554 78 555 78 557 80 558 80 559 81 561 81 562 82 565 82 566 81 568 81 569 80 570 80 571 79 572 79 575 76 575 75 577 73 577 72 578 71 578 69 579 68 579 59 578 58 578 55 577 54 577 53 572 48 571 48 570 47 568 47 567 46
0 423 114 422 115 420 115 419 116 418 116 412 122 412 123 411 124 411 126 410 127 410 133 411 134 411 136 412 137 412 138 413 139 413 140 418 145 419 145 420 146 422 146 423 147 434 147 435 146 437 146 441 142 441 141 442 140 442 139 443 138 443 136 444 135 444 128 443 127 443 125 442 124 442 123 441 122 441 121 437 117 436 117 435 116 434 116 433 115 431 115 430 114
0 522 8 521 9 519 9 518 10 517 10 512 15 512 16 511 17 511 28 512 29 512 32 513 33 513 34 516 37 517 37 518 38 519 38 520 39 522 39 523 40 525 40 526 41 533 41 534 40 536 40 537 39 538 39 541 36 541 35 544 32 544 31 545 30 545 29 546 28 546 19 545 18 545 17 544 16 544 15 538 9 536 9 535 8
0 169 197 168 198 163 198 162 199 160 199 154 205 154 208 153 209 153 218 154 219 154 221 160 227 162 227 163 228 166 228 167 229 172 229 173 228 176 228 177 227 179 227 181 225 181 224 184 221 184 220 185 219 185 218 186 217 186 210 185 209 185 207 184 206 184 205 182 203 182 202 179 199 178 199 177 198 175 198 174 197
0 158 160 157 161 154 161 153 162 151 162 150 163 149 163 148 164 147 164 144 167 144 168 143 169 143 171 142 172 142 181 143 182 143 183 144 184 144 185 146 187 146 188 148 190 149 190 150 191 151 191 152 192 153 192 154 193 156 193 157 194 162 194 163 193 165 193 166 192 168 192 171 189 171 188 172 187 172 186 173 185 173 184 174 183 174 180 175 179 175 175 174 174 174 170 173 169 173 168 172 167 172 166 170 164 169 164 167 162 165 162 164 161 162 161 161 160
0 92 107 91 108 89 108 88 109 86 109 81 114 81 115 80 116 80 119 79 120 79 124 80 125 80 129 81 130 81 132 83 134 83 135 87 139 88 139 89 140 90 140 91 141 92 141 93 142 95 142 96 143 103 143 104 142 106 142 107 141 109 141 114 136 114 135 115 134 115 133 116 132 116 119 115 118 115 117 113 115 113 114 109 110 108 110 107 109 106 109 105 108 103 108 102 107
0 172 13 171 14 169 14 163 20 163 21 162 22 162 23 161 24 161 33 162 34 162 36 163 37 163 38 167 42 168 42 170 44 171 44 173 46 175 46 176 47 180 47 181 46 185 46 186 45 188 45 190 43 191 43 196 38 196 37 198 35 198 24 197 23 197 21 196 20 196 19 192 15 190 15 189 14 179 14 178 13
0 48 43 47 44 45 44 44 45 43 45 38 50 38 51 36 53 36 64 37 65 37 70 38 71 38 72 39 73 39 74 43 78 44 78 46 80 48 80 49 81 52 81 53 80 55 80 56 79 58 79 59 78 60 78 63 75 63 74 65 72 65 71 67 69 67 68 68 67 68 57 67 56 67 55 66 54 66 52 64 50 64 49 60 45 59 45 58 44 56 44 55 43
0 53 173 52 174 48 174 47 175 45 175 44 176 43 176 39 180 39 181 37 183 37 185 36 186 36 196 37 197 37 198 38 199 38 200 39 201 39 202 40 203 40 204 43 207 44 207 45 208 46 208 47 209 48 209 49 210 51 210 52 211 59 211 60 210 62 210 63 209 64 209 65 208 66 208 72 202 72 201 73 200 73 198 74 197 74 190 73 189 73 186 72 185 72 184 70 182 70 181 66 177 65 177 63 175 62 175 61 174 59 174 58 173
0 116 16 115 17 113 17 112 18 111 18 108 21 108 22 107 23 107 24 106 25 106 35 107 36 107 37 108 38 108 39 110 41 110 42 113 45 114 45 115 46 116 46 117 47 119 47 120 48 129 48 130 47 132 47 133 46 134 46 137 43 137 42 138 41 138 34 139 33 139 29 138 28 138 27 137 26 137 25 130 18 129 18 128 17 126 17 125 16
0 258 0 257 1 257 4 256 5 256 11 257 12 257 14 259 16 259 17 262 20 263 20 265 22 266 22 267 23 269 23 270 24 274 24 275 23 278 23 279 22 281 22 286 17 286 16 287 15 287 4 286 3 286 1 285 0
0 244 160 243 161 241 161 240 162 239 162 238 163 237 163 234 166 234 167 233 168 233 170 232 171 232 181 233 182 233 183 235 185 235 186 236 187 236 188 239 191 240 191 241 192 242 192 243 193 245 193 246 194 251 194 252 193 254 193 255 192 257 192 258 191 259 191 264 186 264 185 265 184 265 183 266 182 266 171 265 170 265 169 263 167 263 166 260 163 259 163 257 161 255 161 254 160
0 107 251 106 252 104 252 103 253 102 253 100 255 100 256 97 259 97 260 96 261 96 268 97 269 97 271 98 272 98 274 99 275 99 277 100 278 100 279 102 281 103 281 105 283 107 283 108 284 114 284 115 283 117 283 123 277 123 275 124 274 124 263 123 262 123 261 122 260 122 258 119 255 118 255 115 252 113 252 112 251
0 76 143 75 144 73 144 72 145 71 145 65 151 65 152 64 153 64 158 63 159 63 164 64 165 64 166 65 167 65 168 68 171 69 171 73 175 75 175 76 176 78 176 79 175 83 175 84 174 86 174 93 167 93 165 94 164 94 153 93 152 93 150 90 147 88 147 86 145 85 145 84 144 82 144 81 143
0 237 295 236 296 234 296 230 300 229 300 228 301 227 301 224 304 224 314 225 315 225 318 227 320 228 320 232 324 234 324 235 325 237 325 238 326 240 326 241 325 243 325 244 324 245 324 246 323 247 323 250 320 250 318 251 317 251 312 250 311 250 307 249 306 249 305 243 299 243 298 241 296 239 296 238 295
0 60 380 59 381 57 381 56 382 55 382 50 387 50 389 48 391 48 394 47 395 47 404 48 405 48 407 49 408 49 409 53 413 54 413 57 416 59 416 60 417 68 417 69 416 71 416 72 415 73 415 75 413 76 413 79 410 79 409 81 407 81 405 82 404 82 402 83 401 83 399 84 398 84 394 83 393 83 392 81 390 81 389 79 387 79 386 77 384 76 384 75 383 74 383 73 382 71 382 70 381 66 381 65 380
0 151 43 150 44 148 44 147 45 146 45 145 46 144 46 139 51 139 53 138 54 138 66 139 67 139 68 146 75 148 75 149 76 158 76 159 75 161 75 162 74 163 74 169 68 169 67 170 66 170 53 169 52 169 51 166 48 165 48 162 45 160 45 159 44 156 44 155 43
0 458 451 457 452 455 452 454 453 452 453 450 455 449 455 444 460 444 461 443 462 443 464 442 465 442 472 443 473 443 476 446 479 471 479 473 477 473 476 474 475 474 464 473 463 473 462 472 461 472 460 471 459 471 458 468 455 467 455 466 454 465 454 464 453 462 453 461 452 459 452
0 141 432 140 433 138 433 137 434 136 434 135 435 134 435 127 442 127 443 126 444 126 445 125 446 125 448 124 449 124 455 125 456 125 458 126 459 126 460 128 462 128 463 130 465 131 465 133 467 134 467 135 468 136 468 137 469 139 469 140 470 147 470 148 469 150 469 151 468 153 468 154 467 155 467 161 461 161 460 162 459 162 458 163 457 163 454 164 453 164 449 163 448 163 445 162 444 162 442 161 441 161 440 158 437 157 437 155 435 154 435 153 434 151 434 150 433 146 433 145 432
0 167 407 166 408 164 408 162 410 161 410 157 414 157 415 156 416 156 427 159 430 159 431 162 434 163 434 166 437 168 437 169 438 178 438 179 437 181 437 182 436 183 436 186 433 186 431 188 429 188 417 186 415 186 414 182 410 181 410 180 409 179 409 178 408 176 408 175 407
0 211 179 210 180 208 180 207 181 206 181 201 186 201 187 200 188 200 191 199 192 199 198 200 199 200 201 201 202 201 203 203 205 203 206 205 208 206 208 207 209 208 209 209 210 211 210 212 211 219 211 220 210 222 210 223 209 224 209 226 207 226 206 230 202 230 200 231 199 231 192 230 191 230 189 229 188 229 187 228 186 228 185 224 181 223 181 222 180 220 180 219 179
0 547 147 546 148 544 148 543 149 541 149 540 150 538 150 535 153 535 155 534 156 534 158 533 159 533 160 532 161 532 163 531 164 531 166 530 167 530 171 535 176 535 177 540 182 541 182 542 183 544 183 545 184 549 184 550 183 552 183 553 182 555 182 556 181 557 181 559 179 560 179 561 178 562 178 565 175 565 172 566 171 566 161 565 160 565 158 564 157 564 153 561 150 560 150 559 149 557 149 556 148 554 148 553 147
0 592 256 591 257 586 257 585 258 583 258 576 265 576 266 575 267 575 278 576 279 576 280 577 281 577 282 578 283 578 284 580 286 581 286 583 288 584 288 585 289 587 289 588 290 590 290 591 291 593 291 594 290 598 290 599 289 601 289 602 288 603 288 607 284 607 283 608 282 608 281 609 280 609 278 610 277 610 272 609 271 609 268 608 267 608 266 607 265 607 264 603 260 602 260 601 259 600 259 599 258 597 258 596 257 593 257
0 603 218 602 219 600 219 599 220 598 220 595 223 595 224 593 226 593 228 592 229 592 232 591 233 591 240 592 241 592 244 593 245 593 246 598 251 599 251 600 252 602 252 603 253 608 253 609 252 611 252 612 251 613 251 615 249 616 249 618 247 618 246 619 245 619 243 620 242 620 241 621 240 621 239 622 238 622 230 621 229 621 227 620 226 620 225 619 224 619 223 615 219 613 219 612 218
0 203 44 202 45 200 45 199 46 198 46 195 49 194 49 192 51 192 52 190 54 190 56 189 57 189 69 190 70 190 71 193 74 194 74 197 77 198 77 199 78 201 78 202 79 205 79 206 80 207 80 208 79 212 79 213 78 215 78 222 71 222 70 223 69 223 65 224 64 224 60 223 59 223 55 222 54 222 53 220 51 220 50 215 45 213 45 212 44
0 6 66 5 67 3 67 1 69 0 69 0 100 1 101 2 101 3 102 5 102 6 103 14 103 15 102 17 102 20 99 21 99 23 97 23 96 25 94 25 93 26 92 26 80 25 79 25 78 23 76 23 75 15 67 13 67 12 66
0 242 85 241 86 239 86 238 87 236 87 230 93 230 94 229 95 229 96 228 97 228 107 229 108 229 111 230 112 230 113 234 117 235 117 236 118 237 118 238 119 239 119 240 120 242 120 243 121 248 121 249 120 251 120 252 119 253 119 258 114 258 113 259 112 259 111 260 110 260 97 259 96 259 94 254 89 253 89 250 86 248 86 247 85
0 509 209 508 210 506 210 505 211 503 211 501 213 501 214 500 215 500 216 499 217 499 227 501 229 501 230 506 235 508 235 509 236 511 236 512 237 520 237 521 236 523 236 524 235 525 235 529 231 529 230 530 229 530 220 529 219 529 218 528 217 528 216 527 215 527 214 524 211 523 211 522 210 520 210 519 209
0 9 135 8 136 6 136 5 137 4 137 1 140 1 141 0 142 0 162 3 165 4 165 5 166 6 166 7 167 9 167 10 168 14 168 15 169 16 169 17 168 20 168 21 167 23 167 25 165 26 165 28 163 28 162 30 160 30 158 31 157 31 147 30 146 30 145 29 144 29 143 22 136 20 136 19 135
0 140 92 139 93 137 93 135 95 135 96 134 97 134 98 130 102 130 103 129 104 129 112 130 113 130 117 131 118 131 120 135 124 136 124 138 126 140 126 141 127 150 127 151 126 153 126 162 117 162 116 163 115 163 109 162 108 162 105 161 104 161 102 153 94 151 94 150 93 148 93 147 92
0 243 19 242 20 239 20 238 21 236 21 235 22 234 22 227 29 227 30 225 32 225 40 226 41 226 43 227 44 227 45 231 49 232 49 233 50 235 50 236 51 246 51 247 50 249 50 250 49 251 49 257 43 257 42 258 41 258 40 259 39 259 28 257 26 257 25 254 22 253 22 252 21 251 21 250 20 248 20 247 19
0 77 9 76 10 73 10 72 11 70 11 69 12 68 12 62 18 62 22 63 23 63 25 64 26 64 29 65 30 65 31 67 33 67 34 74 41 75 41 77 43 79 43 80 44 91 44 92 43 94 43 96 41 96 40 97 39 97 38 99 36 99 24 98 23 98 21 97 20 97 19 93 15 92 15 91 14 90 14 87 11 86 11 85 10 83 10 82 9
0 338 361 337 362 335 362 334 363 332 363 326 369 326 370 325 371 325 373 324 374 324 381 325 382 325 383 326 384 326 385 332 391 333 391 334 392 336 392 337 393 339 393 340 394 346 394 347 393 349 393 358 384 358 383 359 382 359 373 358 372 358 370 356 368 356 367 352 363 351 363 350 362 348 362 347 361
0 447 278 446 279 444 279 437 286 437 288 436 289 436 296 437 297 437 299 439 301 439 302 442 305 443 305 445 307 446 307 447 308 448 308 449 309 451 309 452 310 460 310 461 309 463 309 467 305 467 302 468 301 468 289 467 288 467 287 465 285 465 284 461 280 459 280 458 279 456 279 455 278
0 450 419 449 420 444 420 443 421 438 421 437 422 435 422 433 424 433 430 432 431 432 436 434 438 435 438 438 441 438 442 439 443 439 444 442 447 444 447 445 448 454 448 455 447 457 447 460 444 460 443 462 441 462 430 461 429 461 426 460 425 460 424 456 420 454 420 453 419
0 555 194 554 195 551 195 550 196 548 196 542 202 542 203 540 205 540 206 539 207 539 216 540 217 540 219 541 220 541 222 542 223 542 224 546 228 547 228 548 229 549 229 550 230 551 230 552 231 554 231 555 232 560 232 561 231 563 231 564 230 565 230 566 229 567 229 572 224 572 223 573 222 573 221 574 220 574 218 575 217 575 206 574 205 574 204 572 202 572 201 566 195 564 195 563 194
0 384 302 383 303 381 303 380 304 379 304 373 310 373 312 372 313 372 315 371 316 371 323 372 324 372 325 373 326 373 327 374 328 374 329 376 331 378 331 379 332 381 332 382 333 389 333 390 332 392 332 393 331 394 331 395 330 396 330 401 325 401 310 400 309 400 308 399 307 399 306 397 304 396 304 395 303 393 303 392 302
0 308 406 307 407 305 407 303 409 303 410 302 411 301 411 298 414 298 427 301 430 302 430 303 431 303 432 307 436 309 436 310 437 313 437 314 436 318 436 319 437 320 436 322 436 328 430 328 429 330 427 330 426 331 425 331 417 330 416 330 415 329 414 329 413 323 407 321 407 320 406
0 438 206 437 207 434 207 433 208 431 208 430 209 429 209 427 211 426 211 423 214 423 215 421 217 421 218 420 219 420 221 419 222 419 227 420 228 420 232 421 233 421 236 426 241 427 241 429 243 431 243 432 244 438 244 439 243 441 243 442 242 444 242 445 241 446 241 448 239 449 239 451 237 451 236 452 235 452 234 453 233 453 232 454 231 454 228 455 227 455 219 454 218 454 217 453 216 453 215 452 214 452 213 448 209 447 209 446 208 445 208 444 207 442 207 441 206
0 623 374 622 375 620 375 619 376 617 376 615 378 614 378 612 380 612 381 610 383 610 385 609 386 609 389 608 390 608 395 609 396 609 398 614 403 615 403 616 404 617 404 618 405 620 405 621 406 623 406 624 407 626 407 627 406 629 406 630 405 632 405 633 404 634 404 638 400 638 399 639 398 639 380 635 376 633 376 632 375 630 375 629 374
0 378 340 377 341 375 341 374 342 373 342 371 344 370 344 363 351 363 352 362 353 362 361 363 362 363 366 364 367 364 368 368 372 369 372 370 373 371 373 372 374 374 374 375 375 377 375 378 376 381 376 382 375 384 375 385 374 387 374 388 373 390 373 391 372 392 372 394 370 394 369 399 364 399 363 400 362 400 360 401 359 401 351 400 350 400 348 394 342 393 342 392 341 390 341 389 340
0 505 291 504 292 501 292 500 293 498 293 493 298 493 299 492 300 492 301 491 302 491 305 490 306 490 311 491 312 491 314 493 316 493 317 495 319 496 319 497 320 498 320 499 321 500 321 501 322 503 322 504 323 506 323 507 322 509 322 510 321 511 321 512 320 513 320 515 318 515 317 517 315 517 314 518 313 518 311 519 310 519 301 518 300 518 299 517 298 517 297 515 295 514 295 512 293 510 293 509 292 507 292 506 291
0 342 433 341 434 339 434 338 435 336 435 324 447 324 455 325 456 325 457 326 458 326 459 327 460 327 461 330 464 330 465 332 467 333 467 335 469 337 469 338 470 340 470 341 471 349 471 350 470 352 470 353 469 354 469 356 467 357 467 360 464 360 463 361 462 361 461 362 460 362 447 361 446 361 444 359 442 359 441 352 434 350 434 349 433
0 513 371 512 372 508 372 507 373 505 373 501 377 501 378 500 379 500 382 499 383 499 388 500 389 500 392 501 393 501 394 507 400 508 400 509 401 511 401 512 402 515 402 516 403 523 403 524 402 526 402 527 401 529 401 533 397 533 396 535 394 535 393 536 392 536 383 535 382 535 380 534 379 534 378 532 376 531 376 529 374 527 374 526 373 521 373 520 372 517 372 516 371
0 398 218 397 219 395 219 394 220 392 220 391 221 390 221 387 224 387 225 386 226 386 237 387 238 387 239 388 240 388 241 392 245 393 245 394 246 395 246 396 247 398 247 399 248 403 248 404 247 406 247 407 246 409 246 410 245 411 245 417 239 417 238 418 237 418 236 419 235 419 231 418 230 418 228 417 227 417 226 414 223 413 223 412 222 411 222 410 221 409 221 408 220 407 220 406 219 404 219 403 218
0 525 450 524 451 522 451 521 452 520 452 516 456 516 457 515 458 515 459 514 460 514 466 515 467 515 469 516 470 516 471 518 473 518 474 522 478 524 478 525 479 538 479 539 478 540 478 544 474 544 473 545 472 545 471 546 470 546 468 547 467 547 463 546 462 546 459 545 458 545 457 542 454 541 454 540 453 539 453 538 452 537 452 536 451 534 451 533 450
0 290 449 289 450 287 450 286 451 285 451 280 456 280 457 279 458 279 459 278 460 278 470 279 471 279 472 281 474 281 475 285 479 306 479 310 475 310 474 311 473 311 472 312 471 312 462 311 461 311 459 309 457 309 456 304 451 303 451 302 450 300 450 299 449
0 397 444 396 445 393 445 392 446 390 446 389 447 388 447 383 452 383 453 382 454 382 457 381 458 381 464 382 465 382 467 383 468 383 469 384 470 384 471 386 473 386 474 389 477 391 477 392 478 395 478 396 479 407 479 408 478 409 478 412 475 412 474 415 471 415 470 416 469 416 459 415 458 415 456 414 455 414 454 413 453 413 452 409 448 408 448 406 446 404 446 403 445 399 445 398 444
0 364 390 363 391 361 391 360 392 359 392 351 400 351 413 352 414 352 415 358 421 360 421 361 422 370 422 371 421 373 421 374 420 375 420 376 419 377 419 378 418 379 418 383 414 383 413 384 412 384 411 385 410 385 409 386 408 386 402 385 401 385 399 384 398 384 397 379 392 378 392 377 391 375 391 374 390
0 329 319 328 320 326 320 325 321 324 321 320 325 320 326 319 327 319 328 318 329 318 334 317 335 317 340 318 341 318 343 325 350 326 350 327 351 329 351 330 352 338 352 339 351 341 351 342 350 343 350 345 348 345 347 347 345 347 340 346 339 346 327 345 326 345 325 341 321 340 321 339 320 337 320 336 319
0 406 368 405 369 403 369 397 375 397 376 395 378 395 379 394 380 394 388 395 389 395 391 396 392 396 393 402 399 403 399 404 400 406 400 407 401 409 401 410 402 413 402 414 401 416 401 417 400 419 400 420 399 421 399 424 396 424 395 425 394 425 393 426 392 426 391 427 390 427 388 428 387 428 382 427 381 427 379 426 378 426 377 425 376 425 375 421 371 420 371 418 369 416 369 415 368
0 518 334 517 335 515 335 513 337 513 338 510 341 510 351 511 352 511 354 512 355 512 357 514 359 514 360 517 363 518 363 519 364 520 364 521 365 523 365 524 366 528 366 529 365 531 365 532 364 533 364 538 359 538 358 539 357 539 356 540 355 540 347 539 346 539 344 538 343 538 342 535 339 534 339 533 338 532 338 531 337 530 337 529 336 527 336 526 335 524 335 523 334
0 325 204 324 205 322 205 319 208 319 210 318 211 318 221 319 222 319 223 324 228 325 228 326 229 328 229 329 230 331 230 332 231 334 231 335 232 341 232 342 231 344 231 347 228 347 227 355 219 355 215 354 214 354 213 350 209 348 209 347 208 342 208 341 207 339 207 338 206 337 206 336 205 334 205 333 204
0 162 337 161 338 158 338 157 339 155 339 154 340 153 340 148 345 148 346 146 348 146 349 145 350 145 358 146 359 146 361 147 362 147 363 151 367 152 367 153 368 155 368 156 369 158 369 159 370 160 369 163 369 164 368 166 368 168 366 169 366 175 360 175 359 176 358 176 357 177 356 177 355 178 354 178 344 177 343 177 342 174 339 173 339 172 338 170 338 169 337
0 239 203 238 204 236 204 235 205 234 205 228 211 228 212 227 213 227 214 225 216 225 219 224 220 224 225 225 226 225 229 226 230 226 231 227 232 227 233 232 238 234 238 235 239 237 239 238 240 246 240 247 239 249 239 250 238 251 238 252 237 253 237 256 234 256 233 258 231 258 229 259 228 259 227 260 226 260 219 259 218 259 216 258 215 258 213 257 212 257 210 256 209 256 208 254 206 253 206 252 205 251 205 250 204 248 204 247 203
0 39 274 38 275 36 275 35 276 33 276 31 278 31 279 29 281 29 282 27 284 27 286 26 287 26 299 27 300 27 302 28 303 28 304 32 308 34 308 35 309 43 309 44 308 46 308 47 307 48 307 50 305 51 305 54 302 54 301 55 300 55 299 56 298 56 296 57 295 57 290 56 289 56 285 55 284 55 281 52 278 51 278 48 275 46 275 45 274
0 9 383 8 384 6 384 5 385 4 385 0 389 0 411 3 414 4 414 5 415 6 415 7 416 9 416 10 417 17 417 18 416 20 416 21 415 22 415 28 409 28 408 29 407 29 405 30 404 30 395 29 394 29 392 28 391 28 390 22 384 20 384 19 383
0 308 231 307 232 305 232 304 233 303 233 297 239 297 240 296 241 296 243 295 244 295 254 296 255 296 256 297 257 297 258 298 259 298 260 301 263 302 263 304 265 305 265 306 266 308 266 309 267 317 267 318 266 320 266 321 265 323 265 324 264 325 264 330 259 330 258 332 256 332 254 333 253 333 243 332 242 332 241 331 240 331 239 329 237 328 237 327 236 326 236 325 235 324 235 323 234 322 234 321 233 319 233 318 232 316 232 315 231
0 198 352 197 353 193 353 192 354 190 354 186 358 186 359 185 360 185 361 184 362 184 372 185 373 185 374 186 375 186 376 187 377 187 378 190 381 191 381 192 382 193 382 194 383 196 383 197 384 203 384 204 383 206 383 207 382 208 382 211 379 211 378 212 377 212 376 213 375 213 372 214 371 214 366 213 365 213 363 212 362 212 360 206 354 205 354 204 353 202 353 201 352
0 135 223 134 224 132 224 131 225 130 225 128 227 127 227 126 228 124 228 122 230 122 231 121 232 121 233 120 234 120 235 119 236 119 245 120 246 120 247 121 248 121 249 128 256 129 256 130 257 132 257 133 258 139 258 140 257 143 257 144 256 146 256 147 255 148 255 151 252 151 251 153 249 153 248 154 247 154 245 155 244 155 235 154 234 154 232 146 224 144 224 143 223
0 112 191 111 192 109 192 107 194 106 194 103 197 103 198 102 199 102 200 101 201 101 203 100 204 100 211 101 212 101 214 102 215 102 216 107 221 108 221 109 222 111 222 112 223 115 223 116 224 120 224 121 223 123 223 124 222 125 222 126 221 127 221 130 218 130 217 131 216 131 215 132 214 132 212 133 211 133 202 132 201 132 199 130 197 130 196 127 193 126 193 125 192 123 192 122 191
0 556 386 555 387 553 387 552 388 551 388 550 389 549 389 547 391 547 392 546 393 546 401 547 402 547 406 548 407 548 409 550 411 552 411 553 412 555 412 556 413 558 413 559 414 560 413 565 413 566 412 568 412 574 406 574 405 575 404 575 396 574 395 574 393 570 389 569 389 568 388 566 388 565 387 563 387 562 386
0 363 221 362 222 360 222 359 223 358 223 355 226 355 227 351 231 351 233 350 234 350 236 349 237 349 246 350 247 350 248 351 249 351 250 356 255 358 255 359 256 369 256 370 255 372 255 373 254 374 254 379 249 379 248 380 247 380 233 379 232 379 228 378 227 378 226 375 223 374 223 373 222 371 222 370 221
0 601 403 600 404 595 404 594 405 592 405 591 406 590 406 586 410 586 411 585 412 585 413 583 415 583 417 582 418 582 424 583 425 583 427 584 428 584 430 590 436 591 436 592 437 594 437 595 438 596 437 598 437 599 436 602 436 603 435 605 435 606 434 607 434 608 433 609 433 611 431 611 430 612 429 612 428 613 427 613 425 614 424 614 417 613 416 613 412 606 405 605 405 604 404 602 404
0 609 333 608 334 606 334 605 335 604 335 603 336 602 336 598 340 598 341 597 342 597 343 596 344 596 345 595 346 595 355 596 356 596 357 597 358 597 359 598 360 598 361 602 365 603 365 605 367 606 367 607 368 609 368 610 369 616 369 617 368 619 368 620 367 622 367 623 366 624 366 626 364 626 363 628 361 628 360 629 359 629 358 630 357 630 354 631 353 631 349 630 348 630 346 629 345 629 343 627 341 627 340 623 336 622 336 620 334 618 334 617 333
0 284 298 283 299 281 299 280 300 279 300 277 302 276 302 272 306 272 308 271 309 271 320 272 321 272 323 273 324 273 325 279 331 280 331 281 332 283 332 284 333 291 333 292 332 294 332 295 331 296 331 298 329 299 329 303 325 303 324 304 323 304 322 305 321 305 311 304 310 304 308 303 307 303 306 299 302 298 302 296 300 295 300 294 299 292 299 291 298
0 198 216 197 217 195 217 188 224 188 225 186 227 186 228 185 229 185 236 186 237 186 238 187 239 187 241 189 243 189 244 192 247 193 247 194 248 196 248 197 249 201 249 202 250 206 250 207 249 209 249 210 248 211 248 212 247 213 247 218 242 218 241 219 240 219 239 220 238 220 231 219 230 219 228 218 227 218 224 217 223 217 222 214 219 213 219 212 218 210 218 209 217 207 217 206 216
0 163 371 162 372 160 372 159 373 158 373 153 378 153 379 152 380 152 387 153 388 153 389 154 390 154 391 158 395 160 395 161 396 169 396 170 395 172 395 177 390 177 388 178 387 178 383 177 382 177 379 172 374 170 374 169 373 168 373 167 372 165 372 164 371
1 210 318 204 321 200 325 197 331 196 334 196 339 197 344 199 349 201 352 204 352 211 356 218 356 221 355 223 354 225 353 229 349 230 347 231 345 232 342 232 333 231 330 229 327 224 322 221 320 218 319 215 318
1 317 67 316 68 313 68 308 71 305 74 302 78 302 89 303 91 304 93 307 97 309 98 311 99 320 99 323 98 325 97 329 93 330 91 331 88 331 77 330 74 329 72 326 69 323 68 320 68 319 67
1 261 48 254 55 249 57 250 62 250 64 249 73 250 75 251 77 253 80 256 83 258 84 265 84 272 83 274 81 274 79 276 77 279 76 279 70 281 67 281 65 277 61 277 58 276 55 273 52 265 48
1 339 176 336 177 333 179 330 182 329 185 329 191 330 194 331 196 334 201 337 204 339 205 341 206 344 207 349 207 351 206 354 204 357 201 360 196 360 187 359 184 356 181 356 180 354 178 352 177 350 176
1 391 254 388 255 386 256 384 258 383 258 382 259 382 260 380 262 379 265 378 268 378 276 379 279 380 281 385 286 387 287 400 288 403 288 405 287 407 286 410 283 411 281 412 279 413 274 413 269 412 266 411 264 407 259 403 256 401 255 396 254
1 414 289 411 291 407 295 406 297 405 299 405 303 408 309 408 319 409 322 414 327 416 328 419 329 425 329 429 328 431 327 434 324 436 321 439 316 439 313 437 308 432 300 431 295 430 293 429 292 428 292 426 290 424 289 419 288
1 452 314 451 315 442 315 438 320 437 322 436 325 436 327 437 330 438 332 445 339 447 340 449 341 458 341 460 340 462 339 465 337 469 333 470 331 471 328 471 321 470 319 468 317 466 316 464 315 461 314
1 473 305 469 306 467 307 463 311 460 315 460 319 461 324 462 327 464 329 465 329 467 331 467 333 476 333 480 331 482 329 484 326 485 324 485 316 483 311 482 309 480 307 478 306 476 305
1 557 261 555 262 552 265 545 265 541 263 537 267 534 268 533 269 530 273 529 275 532 280 536 284 539 286 546 289 549 292 551 293 555 294 559 294 562 291 564 290 566 290 568 288 566 283 568 280 568 276 566 274 565 274 562 271 561 269 560 266 561 263 559 261
1 37 410 34 411 28 417 25 418 23 420 22 420 21 433 23 435 23 436 24 437 26 438 27 439 28 441 30 443 40 443 42 443 45 442 49 438 50 436 50 434 52 432 53 430 53 421 51 418 43 411 40 411 39 410
1 546 417 541 418 539 419 537 420 534 423 531 424 530 432 531 435 532 438 533 440 535 442 541 447 543 448 545 449 553 449 559 446 563 441 564 439 565 436 566 431 565 429 564 427 561 423 560 422 556 419 553 418 548 417
0 494 456 491 457 489 458 487 459 483 463 482 465 481 467 481 472 480 479 512 478 512 476 508 469 508 465 507 462 506 460 505 459 503 458 499 456
1 506 242 504 243 502 245 500 248 499 251 499 258 500 259 500 261 505 265 505 266 510 271 512 272 515 273 521 273 523 272 526 269 528 266 529 264 529 260 530 259 530 256 529 253 527 250 523 245 521 244 519 244 517 246 517 247 512 249 511 247 511 245 510 243 508 242
1 0 171 0 204 7 204 10 203 12 202 16 198 17 196 18 193 18 184 17 181 16 179 12 175 9 174 5 172 2 171
1 634 414 632 415 630 416 627 418 625 420 625 421 622 424 621 426 620 428 619 432 619 436 620 440 621 443 622 446 626 450 628 451 630 452 639 452 639 413
1 13 468 11 470 10 470 9 471 8 473 5 479 32 479 32 475 31 472 29 470 27 469 24 468
1 58 465 55 466 52 468 49 469 46 469 43 470 41 472 39 475 38 478 70 479 70 473 69 471 65 467 63 466 60 465
1 97 462 96 463 93 463 91 464 88 467 87 469 87 476 88 478 118 478 118 474 117 472 116 470 110 464 107 463 99 462
1 569 468 565 469 561 471 559 473 557 477 557 479 586 479 586 476 585 474 580 469 576 468
1 609 465 607 466 605 467 604 468 603 470 602 472 602 479 630 478 630 476 629 474 628 472 623 467 621 466 619 465
1 0 279 0 315 6 314 10 313 9 311 11 309 13 310 15 308 18 308 18 305 17 304 17 301 18 293 17 290 16 288 12 283 9 281 7 280 5 279
1 171 0 172 3 175 6 177 7 179 8 183 9 188 9 191 7 195 3 196 0
1 637 12 634 14 630 18 627 25 627 28 631 36 634 39 637 41 639 42 639 12
1 636 64 631 69 630 71 629 76 630 81 631 83 632 85 636 89 639 90 639 63
1 637 312 635 312 632 314 628 318 627 321 627 326 628 330 629 332 631 335 635 339 639 341 639 311
1 259 470 256 471 253 473 250 475 249 477 249 479 276 479 272 474 271 473 270 473 268 471 263 470