0 519 233 518 234 516 234 515 235 513 235 509 239 509 240 508 241 508 242 507 243 507 245 506 246 506 254 507 255 507 258 509 260 509 261 513 265 514 265 515 266 517 266 518 267 526 267 527 266 529 266 530 265 531 265 537 259 537 258 538 257 538 254 539 253 539 247 538 246 538 243 537 242 537 241 536 240 536 239 532 235 530 235 529 234 527 234 526 233
0 531 196 530 197 527 197 526 198 524 198 522 200 521 200 517 204 517 205 516 206 516 207 515 208 515 214 516 215 516 216 517 217 517 218 518 219 518 220 523 225 524 225 525 226 527 226 528 227 534 227 535 226 537 226 539 224 540 224 544 220 544 219 545 218 545 217 546 216 546 207 545 206 545 205 542 202 542 201 540 199 539 199 538 198 537 198 536 197 534 197 533 196
0 428 80 427 81 425 81 424 82 423 82 419 86 419 87 418 88 418 89 417 90 417 99 418 100 418 101 419 102 419 103 421 105 422 105 423 106 424 106 425 107 427 107 428 108 434 108 435 107 437 107 439 105 440 105 443 102 443 101 444 100 444 98 445 97 445 90 444 89 444 87 438 81 436 81 435 80
0 497 24 496 25 491 25 490 26 488 26 487 27 486 27 480 33 480 46 481 47 481 49 482 50 482 51 487 56 489 56 490 57 492 57 493 58 497 58 498 59 504 59 505 58 507 58 509 56 510 56 514 52 514 51 516 49 516 47 517 46 517 42 516 41 516 36 515 35 515 33 514 32 514 31 511 28 510 28 509 27 508 27 507 26 506 26 505 25 503 25 502 24
0 594 111 593 112 591 112 590 113 589 113 584 118 584 119 583 120 583 121 582 122 582 132 583 133 583 134 584 135 584 137 586 139 586 140 589 143 590 143 591 144 592 144 593 145 595 145 596 146 602 146 603 145 605 145 607 143 608 143 610 141 611 141 615 137 615 135 616 134 616 131 617 130 617 124 616 123 616 121 615 120 615 119 610 114 609 114 608 113 607 113 606 112 604 112 603 111
0 288 99 287 100 285 100 283 102 282 102 279 105 279 106 278 107 278 108 277 109 277 117 278 118 278 119 279 120 279 121 280 122 280 123 283 126 285 126 286 127 288 127 289 128 291 128 292 129 296 129 297 128 299 128 302 125 303 125 308 120 308 119 309 118 309 116 310 115 310 110 309 109 309 108 308 107 308 106 304 102 302 102 301 101 299 101 298 100 296 100 295 99
0 448 149 447 150 444 150 443 151 441 151 440 152 438 152 437 153 436 153 433 156 433 157 432 158 432 159 431 160 431 162 430 163 430 169 431 170 431 172 433 174 433 175 437 179 438 179 439 180 441 180 442 181 444 181 445 182 453 182 454 181 456 181 457 180 458 180 459 179 460 179 464 175 464 173 465 172 465 171 466 170 466 163 465 162 465 159 464 158 464 156 460 152 459 152 458 151 456 151 455 150 453 150 452 149
0 558 6 557 7 554 7 553 8 551 8 545 14 545 15 544 16 544 19 543 20 543 26 544 27 544 30 545 31 545 32 552 39 553 39 554 40 555 40 556 41 558 41 559 42 567 42 568 41 570 41 571 40 572 40 577 35 577 34 578 33 578 32 579 31 579 28 580 27 580 23 579 22 579 19 578 18 578 17 577 16 577 15 571 9 570 9 569 8 567 8 566 7 564 7 563 6
0 333 38 332 39 330 39 321 48 321 49 320 50 320 61 321 62 321 65 329 73 330 73 331 74 333 74 334 75 342 75 343 74 345 74 346 73 347 73 348 72 349 72 353 68 353 67 354 66 354 65 355 64 355 54 351 50 351 49 349 47 349 46 348 45 348 43 345 40 343 40 342 39 338 39 337 38
0 622 143 621 144 619 144 617 146 616 146 612 150 612 151 611 152 611 153 610 154 610 161 611 162 611 163 615 167 617 167 618 168 619 168 620 169 622 169 623 170 628 170 629 169 631 169 632 168 634 168 636 166 637 166 639 164 639 148 638 147 637 147 636 146 635 146 633 144 631 144 630 143
0 545 62 544 63 542 63 541 64 540 64 538 66 537 66 532 71 532 72 531 73 531 76 530 77 530 85 531 86 531 87 532 88 532 89 534 91 535 91 537 93 539 93 540 94 548 94 549 93 551 93 552 92 553 92 559 86 559 85 561 83 561 72 560 71 560 70 559 69 559 68 555 64 553 64 552 63 550 63 549 62
0 379 125 378 126 376 126 375 127 374 127 369 132 369 133 368 134 368 135 367 136 367 138 366 139 366 146 367 147 367 148 368 149 368 151 372 155 374 155 375 156 383 156 384 155 386 155 390 151 390 150 391 149 391 146 392 145 392 132 391 131 391 130 387 126 385 126 384 125
0 427 40 426 41 424 41 423 42 422 42 421 43 420 43 416 47 416 48 415 49 415 50 414 51 414 62 415 63 415 65 421 71 422 71 423 72 425 72 426 73 430 73 431 74 433 74 434 73 437 73 438 72 440 72 441 71 442 71 445 68 445 67 446 66 446 65 447 64 447 51 446 50 446 48 440 42 439 42 438 41 436 41 435 40
0 352 145 351 146 349 146 348 147 347 147 343 151 343 152 342 153 342 154 341 155 341 163 342 164 342 165 346 169 348 169 349 170 356 170 357 169 359 169 360 168 361 168 364 165 364 164 366 162 366 159 367 158 367 154 366 153 366 152 365 151 365 150 363 148 362 148 360 146 358 146 357 145
0 483 64 482 65 480 65 479 66 477 66 476 67 475 67 474 68 473 68 468 73 468 74 467 75 467 77 466 78 466 88 467 89 467 91 468 92 468 93 474 99 475 99 476 100 477 100 478 101 480 101 481 102 490 102 491 101 493 101 494 100 495 100 497 98 498 98 502 94 502 93 503 92 503 91 504 90 504 89 505 88 505 77 504 76 504 74 503 73 503 72 498 67 496 67 495 66 493 66 492 65 489 65 488 64
0 291 154 290 155 288 155 280 163 280 164 279 165 279 171 280 172 280 174 281 175 281 176 284 179 285 179 288 182 289 182 291 184 292 184 294 186 296 186 297 187 298 186 302 186 303 185 305 185 306 184 307 184 309 182 310 182 312 180 312 179 313 178 313 176 314 175 314 169 313 168 313 166 310 163 309 163 305 159 305 158 302 155 300 155 299 154
0 304 10 303 11 301 11 299 13 298 13 293 18 293 19 292 20 292 29 293 30 293 32 294 33 294 34 299 39 300 39 301 40 303 40 304 41 306 41 307 42 313 42 314 41 316 41 317 40 319 40 327 32 327 31 328 30 328 29 329 28 329 21 328 20 328 19 327 18 327 17 325 15 324 15 323 14 322 14 321 13 320 13 319 12 318 12 317 11 315 11 314 10
0 481 164 480 165 478 165 472 171 472 172 471 173 471 175 470 176 470 182 471 183 471 185 477 191 478 191 479 192 481 192 482 193 487 193 488 192 490 192 491 191 492 191 495 188 495 187 496 186 496 182 497 181 497 177 498 176 498 172 497 171 497 170 493 166 492 166 491 165 489 165 488 164
0 142 414 141 415 139 415 138 416 136 416 135 417 134 417 133 418 132 418 130 420 129 420 127 422 127 425 126 426 126 429 125 430 125 432 124 433 124 437 125 438 125 439 127 441 127 442 130 445 131 445 132 446 133 446 134 447 136 447 137 448 144 448 145 447 148 447 149 446 151 446 158 439 158 438 159 437 159 436 160 435 160 432 161 431 161 424 160 423 160 422 154 416 153 416 152 415 150 415 149 414
0 98 328 97 329 95 329 94 330 93 330 92 331 91 331 87 335 87 336 86 337 86 338 85 339 85 340 84 341 84 349 85 350 85 352 86 353 86 354 87 355 87 356 90 359 91 359 93 361 94 361 95 362 97 362 98 363 101 363 102 362 105 362 106 361 108 361 109 360 110 360 114 356 114 355 115 354 115 353 116 352 116 350 117 349 117 344 116 343 116 339 115 338 115 336 110 331 109 331 108 330 107 330 106 329 104 329 103 328
0 271 181 270 182 268 182 267 183 265 183 263 185 262 185 259 188 259 189 258 190 258 199 259 200 259 202 260 203 260 204 261 205 261 206 262 207 262 208 264 210 265 210 266 211 267 211 268 212 269 212 270 213 272 213 273 214 282 214 283 213 285 213 286 212 287 212 293 206 293 195 292 194 292 193 289 190 288 190 286 188 285 188 283 186 282 186 280 184 279 184 277 182 275 182 274 181
0 233 188 232 189 229 189 228 190 226 190 225 191 224 191 219 196 219 197 217 199 217 200 216 201 216 202 215 203 215 207 216 208 216 211 217 212 217 214 224 221 225 221 227 223 229 223 230 224 232 224 233 225 240 225 241 224 243 224 246 221 247 221 251 217 251 215 252 214 252 212 253 211 253 204 252 203 252 201 251 200 251 198 249 196 249 195 245 191 244 191 243 190 242 190 241 189 239 189 238 188
0 198 392 197 393 195 393 194 394 193 394 191 396 191 397 182 406 182 408 181 409 181 417 182 418 182 420 184 422 184 423 188 427 189 427 190 428 192 428 193 429 196 429 197 430 200 430 201 429 203 429 204 428 205 428 213 420 213 419 214 418 214 417 215 416 215 405 214 404 214 401 213 400 213 399 208 394 206 394 205 393 203 393 202 392
0 104 411 103 412 101 412 96 417 96 419 95 420 95 425 96 426 96 427 97 428 97 429 102 434 103 434 104 435 106 435 107 436 110 436 111 435 113 435 114 434 116 434 119 431 119 430 121 428 121 420 120 419 120 418 114 412 112 412 111 411
0 351 175 350 176 348 176 341 183 341 184 340 185 340 191 341 192 341 194 342 195 342 197 343 198 343 199 344 200 344 201 347 204 349 204 350 205 353 205 354 206 359 206 360 205 362 205 363 204 365 204 370 199 370 198 371 197 371 196 372 195 372 194 373 193 373 185 372 184 372 183 371 182 371 181 367 177 365 177 364 176 362 176 361 175
0 15 0 10 5 10 6 9 7 9 8 8 9 8 10 7 11 7 13 6 14 6 18 7 19 7 22 8 23 8 24 9 25 9 26 10 27 10 28 14 32 15 32 16 33 17 33 18 34 20 34 21 35 31 35 32 34 34 34 35 33 36 33 38 31 39 31 43 27 43 26 44 25 44 23 45 22 45 20 46 19 46 12 45 11 45 9 44 8 44 7 43 6 43 5 39 1 38 1 37 0
0 306 62 305 63 302 63 301 64 299 64 298 65 296 65 293 68 292 68 290 70 290 76 289 77 289 82 290 83 290 84 293 87 293 88 299 94 301 94 302 95 304 95 305 96 308 96 309 97 312 97 313 98 314 97 316 97 319 94 319 93 320 92 321 92 324 89 324 85 323 84 323 76 319 72 319 71 318 70 318 69 317 68 317 67 314 64 313 64 312 63 310 63 309 62
0 388 190 387 191 385 191 384 192 382 192 379 195 379 196 377 198 377 199 375 201 375 202 374 203 374 208 375 209 375 210 376 211 376 212 377 213 377 214 379 216 379 217 381 219 382 219 384 221 386 221 387 222 392 222 393 223 400 223 401 222 403 222 406 219 407 219 411 215 411 202 406 197 406 196 403 193 402 193 401 192 399 192 398 191 392 191 391 190
0 556 173 555 174 553 174 552 175 551 175 545 181 545 182 544 183 544 192 545 193 545 195 551 201 552 201 553 202 555 202 556 203 565 203 566 202 568 202 570 200 571 200 575 196 575 195 576 194 576 192 577 191 577 184 576 183 576 182 575 181 575 180 570 175 569 175 568 174 566 174 565 173
0 469 115 468 116 464 116 463 117 461 117 460 118 459 118 458 119 457 119 456 120 455 120 454 121 453 121 449 125 449 126 448 127 448 137 449 138 449 139 452 142 453 142 454 143 456 143 457 144 466 144 467 143 469 143 470 142 471 142 473 140 474 140 476 138 477 138 481 134 481 133 482 132 482 131 483 130 483 124 482 123 482 121 479 118 478 118 477 117 475 117 474 116 471 116 470 115
0 319 122 318 123 316 123 315 124 314 124 313 125 312 125 309 128 309 129 306 132 306 133 305 134 305 137 304 138 304 145 305 146 305 148 307 150 307 151 313 157 314 157 315 158 317 158 318 159 324 159 325 158 327 158 328 157 330 157 331 156 332 156 335 153 335 152 336 151 336 150 337 149 337 148 338 147 338 146 339 145 339 134 338 133 338 132 337 131 337 130 331 124 329 124 328 123 325 123 324 122
0 559 121 558 122 556 122 555 123 554 123 553 124 552 124 551 125 550 125 547 128 547 129 546 130 546 131 545 132 545 134 544 135 544 143 545 144 545 147 546 148 546 149 552 155 553 155 554 156 556 156 557 157 565 157 566 156 568 156 569 155 570 155 575 150 575 149 576 148 576 146 577 145 577 135 576 134 576 131 575 130 575 129 574 128 574 127 572 125 571 125 569 123 567 123 566 122 564 122 563 121
0 249 137 248 138 246 138 245 139 244 139 236 147 236 150 235 151 235 159 236 160 236 162 239 165 239 167 243 171 244 171 245 172 247 172 248 173 256 173 257 172 259 172 260 171 261 171 266 166 266 165 267 164 267 163 268 162 268 161 269 160 269 148 268 147 268 146 266 144 266 143 264 141 263 141 262 140 261 140 260 139 259 139 258 138 256 138 255 137
0 210 137 209 138 207 138 206 139 205 139 203 141 202 141 198 145 198 155 199 156 199 158 200 159 200 160 205 165 206 165 207 166 209 166 210 167 218 167 219 166 221 166 225 162 225 161 226 160 226 159 227 158 227 157 228 156 228 147 226 145 226 144 223 141 222 141 221 140 220 140 219 139 218 139 217 138 215 138 214 137
0 10 153 9 154 7 154 6 155 4 155 1 158 0 158 0 185 1 186 2 186 4 188 5 188 6 189 8 189 9 190 14 190 15 189 17 189 18 188 19 188 20 187 21 187 28 180 28 179 29 178 29 177 30 176 30 166 29 165 29 163 28 162 28 161 23 156 22 156 21 155 20 155 19 154 17 154 16 153
0 199 60 198 61 196 61 195 62 194 62 191 65 191 66 189 68 189 69 188 70 188 71 187 72 187 82 188 83 188 84 190 86 190 87 193 90 194 90 195 91 197 91 198 92 201 92 202 93 204 93 205 94 208 94 209 95 210 95 211 94 213 94 214 93 215 93 221 87 221 86 223 84 223 78 222 77 222 75 221 74 221 71 220 70 220 68 219 67 219 66 216 63 215 63 214 62 213 62 212 61 210 61 209 60
0 15 42 14 43 12 43 10 45 9 45 6 48 6 49 3 52 3 53 2 54 2 57 1 58 1 64 2 65 2 66 3 67 3 68 4 69 4 70 6 72 7 72 8 73 10 73 11 74 13 74 14 75 23 75 24 74 26 74 27 73 28 73 33 68 33 67 35 65 35 54 34 53 34 52 33 51 33 50 29 46 28 46 26 44 25 44 24 43 22 43 21 42
0 453 242 452 243 447 243 446 244 444 244 443 245 442 245 437 250 437 251 436 252 436 253 435 254 435 267 436 268 436 269 437 270 437 271 442 276 443 276 445 278 447 278 448 279 456 279 457 278 459 278 460 277 462 277 463 276 464 276 467 273 467 272 469 270 469 268 470 267 470 255 469 254 469 253 468 252 468 251 465 248 465 247 463 245 462 245 461 244 459 244 458 243 454 243
0 418 220 417 221 415 221 414 222 412 222 409 225 408 225 405 228 405 229 403 231 403 233 402 234 402 236 401 237 401 243 402 244 402 245 404 247 404 248 408 252 409 252 411 254 412 254 413 255 415 255 416 256 420 256 421 255 424 255 425 254 427 254 429 252 429 250 433 246 433 245 434 244 434 240 435 239 435 230 433 228 433 225 430 222 429 222 428 221 426 221 425 220
0 143 308 142 309 140 309 139 310 138 310 132 316 132 317 131 318 131 328 132 329 132 330 134 332 134 333 137 336 138 336 139 337 140 337 141 338 143 338 144 339 147 339 148 340 149 339 153 339 154 338 156 338 157 337 158 337 161 334 161 333 162 332 162 331 163 330 163 322 162 321 162 319 161 318 161 316 160 315 160 314 157 311 156 311 155 310 154 310 153 309 151 309 150 308
0 177 290 176 291 174 291 168 297 168 298 167 299 167 300 166 301 166 314 167 315 167 316 168 317 168 318 169 319 169 322 173 326 174 326 175 327 177 327 178 328 189 328 190 327 192 327 196 323 196 322 197 321 197 320 198 319 198 302 194 298 194 297 189 292 188 292 187 291 185 291 184 290
0 204 21 203 22 201 22 200 23 199 23 198 24 197 24 190 31 190 32 189 33 189 43 191 45 191 46 192 47 192 48 194 50 195 50 196 51 197 51 198 52 200 52 201 53 203 53 204 54 209 54 210 53 212 53 213 52 214 52 217 49 217 48 218 47 218 46 219 45 219 44 220 43 220 41 221 40 221 39 222 38 222 27 220 25 220 24 218 22 216 22 215 21
0 56 332 55 333 53 333 52 334 50 334 49 335 48 335 46 337 46 338 45 339 45 340 44 341 44 342 43 343 43 346 42 347 42 351 43 352 43 354 44 355 44 357 45 358 45 359 49 363 51 363 52 364 60 364 61 363 63 363 69 357 69 356 70 355 70 354 71 353 71 351 72 350 72 342 71 341 71 339 70 338 70 337 66 333 64 333 63 332
0 44 301 43 302 41 302 40 303 38 303 33 308 33 309 31 311 31 313 30 314 30 321 31 322 31 324 32 325 32 326 37 331 38 331 39 332 41 332 42 333 45 333 46 332 48 332 51 329 53 329 57 325 57 324 58 323 58 322 59 321 59 310 58 309 58 308 52 302 50 302 49 301
0 460 325 459 326 457 326 456 327 455 327 449 333 449 334 448 335 448 337 447 338 447 341 446 342 446 346 447 347 447 350 448 351 448 352 450 354 451 354 454 357 455 357 456 358 458 358 459 359 469 359 470 358 472 358 474 356 475 356 481 350 481 348 482 347 482 341 481 340 481 337 480 336 480 334 475 329 474 329 472 327 471 327 470 326 468 326 467 325
0 445 287 444 288 442 288 439 291 438 291 435 294 435 295 433 297 433 300 432 301 432 303 431 304 431 308 432 309 432 311 433 312 433 313 435 315 435 316 437 318 438 318 440 320 442 320 443 321 451 321 452 320 454 320 455 319 457 319 464 312 464 311 465 310 465 308 466 307 466 300 464 298 464 295 457 288 455 288 454 287
0 462 455 461 456 459 456 458 457 456 457 450 463 450 465 449 466 449 474 452 477 454 477 455 478 477 478 478 477 480 477 483 474 483 469 482 468 482 466 481 465 481 464 479 462 479 461 478 460 478 459 476 457 474 457 473 456 471 456 470 455
0 452 422 451 423 449 423 448 424 447 424 441 430 441 431 440 432 440 433 439 434 439 444 445 450 446 450 447 451 449 451 450 452 458 452 459 451 461 451 462 450 463 450 468 445 468 444 469 443 469 441 470 440 470 431 469 430 469 428 464 423 462 423 461 422
0 109 166 108 167 106 167 100 173 100 176 98 178 98 183 100 185 100 188 102 190 103 190 105 192 107 192 108 193 111 193 112 194 114 194 115 193 118 193 119 192 121 192 127 186 127 184 128 183 128 179 127 178 127 175 126 174 126 172 121 167 119 167 118 166
0 2 283 1 284 0 284 0 319 12 319 13 318 15 318 24 309 24 307 25 306 25 304 26 303 26 295 25 294 25 292 18 285 17 285 16 284 14 284 13 283
0 302 383 301 384 297 384 296 385 293 385 292 386 290 386 284 392 284 394 283 395 283 404 284 405 284 407 286 409 286 410 289 413 290 413 291 414 293 414 294 415 297 415 298 416 300 416 301 415 305 415 306 414 308 414 309 413 310 413 315 408 315 407 316 406 316 403 317 402 317 395 316 394 316 392 315 391 315 390 310 385 308 385 307 384 305 384 304 383
0 281 350 280 351 277 351 276 352 274 352 268 358 268 368 270 370 270 371 271 372 271 373 273 375 275 375 276 376 279 376 280 377 282 377 283 376 285 376 286 375 288 375 289 374 291 374 295 370 295 369 296 368 296 359 294 357 294 356 293 355 293 354 291 352 289 352 288 351 286 351 285 350
0 69 110 68 111 66 111 65 112 63 112 55 120 55 122 54 123 54 135 55 136 55 137 56 138 56 139 60 143 61 143 62 144 63 144 64 145 66 145 67 146 71 146 72 145 75 145 76 144 78 144 79 143 80 143 86 137 86 136 87 135 87 134 88 133 88 131 89 130 89 125 88 124 88 121 87 120 87 119 86 118 86 117 81 112 79 112 78 111 76 111 75 110
0 37 82 36 83 34 83 33 84 32 84 31 85 30 85 27 88 27 89 24 92 24 94 23 95 23 105 24 106 24 107 25 108 25 109 26 110 26 111 28 113 29 113 32 116 34 116 35 117 43 117 44 116 46 116 47 115 49 115 51 113 52 113 58 107 58 105 59 104 59 94 58 93 58 91 57 90 57 89 55 87 54 87 52 85 51 85 49 83 47 83 46 82
0 54 39 53 40 51 40 50 41 49 41 43 47 43 48 42 49 42 51 41 52 41 61 42 62 42 64 43 65 43 66 45 68 45 69 47 71 48 71 49 72 50 72 51 73 53 73 54 74 63 74 64 73 66 73 67 72 68 72 69 71 70 71 75 66 75 64 76 63 76 52 75 51 75 49 74 48 74 47 73 46 73 45 71 43 70 43 68 41 67 41 66 40 64 40 63 39
0 122 92 121 93 119 93 118 94 117 94 116 95 115 95 113 97 113 98 112 99 112 100 110 102 110 103 108 105 108 113 109 114 109 118 110 119 110 120 111 121 111 122 113 124 114 124 116 126 118 126 119 127 124 127 125 128 128 128 129 127 131 127 132 126 133 126 134 125 135 125 138 122 138 121 139 120 139 119 140 118 140 117 142 115 142 114 143 113 143 107 142 106 142 105 141 104 141 103 140 102 140 101 139 100 139 99 138 98 138 97 134 93 132 93 131 92
0 149 168 148 169 146 169 145 170 144 170 137 177 137 178 136 179 136 181 135 182 135 191 136 192 136 193 141 198 142 198 143 199 145 199 146 200 155 200 156 199 158 199 159 198 160 198 161 197 162 197 166 193 166 192 167 191 167 189 168 188 168 181 167 180 167 178 166 177 166 176 163 173 162 173 159 170 158 170 157 169 155 169 154 168
0 247 50 246 51 242 51 241 52 239 52 238 53 236 53 234 55 233 55 227 61 227 73 228 74 228 75 229 76 229 77 230 78 230 79 232 81 233 81 234 82 236 82 237 83 239 83 240 84 241 83 246 83 247 82 249 82 257 74 257 73 259 71 259 70 260 69 260 67 261 66 261 62 260 61 260 59 256 55 256 54 254 52 253 52 252 51 250 51 249 50
0 149 42 148 43 146 43 144 45 143 45 137 51 137 52 136 53 136 54 135 55 135 58 134 59 134 63 135 64 135 67 136 68 136 69 141 74 142 74 143 75 145 75 146 76 152 76 153 75 155 75 156 74 157 74 160 71 160 70 161 69 161 68 162 67 162 66 163 65 163 63 164 62 164 53 163 52 163 50 162 49 162 48 158 44 157 44 156 43 154 43 153 42
0 200 100 199 101 197 101 196 102 194 102 191 105 191 106 190 107 190 111 189 112 189 119 190 120 190 121 191 122 191 124 192 125 192 126 196 130 198 130 199 131 205 131 206 130 208 130 209 129 210 129 212 127 213 127 214 126 215 126 216 125 217 125 219 123 219 122 220 121 220 117 221 116 221 112 220 111 220 110 219 109 219 108 218 107 218 105 215 102 213 102 212 101 207 101 206 100
0 164 77 163 78 161 78 160 79 159 79 158 80 157 80 156 81 155 81 153 83 152 83 148 87 148 89 147 90 147 100 148 101 148 103 156 111 158 111 159 112 165 112 166 111 172 111 173 110 175 110 177 108 177 107 182 102 182 99 183 98 183 96 184 95 184 91 183 90 183 89 182 88 182 87 181 86 181 84 180 83 180 82 178 80 177 80 176 79 174 79 173 78 166 78 165 77
0 57 164 56 165 53 165 52 166 50 166 49 167 48 167 46 169 46 170 44 172 44 173 43 174 43 175 42 176 42 185 43 186 43 188 44 189 44 190 51 197 53 197 54 198 63 198 64 197 66 197 71 192 71 191 74 188 74 187 75 186 75 184 76 183 76 178 75 177 75 175 74 174 74 173 73 172 73 171 68 166 67 166 66 165 64 165 63 164
0 376 406 375 407 373 407 372 408 371 408 370 409 369 409 367 411 366 411 362 415 362 416 361 417 361 419 360 420 360 425 361 426 361 429 362 430 362 431 366 435 367 435 368 436 370 436 371 437 377 437 378 436 380 436 381 435 382 435 392 425 393 425 396 422 396 414 395 413 395 412 392 409 390 409 389 408 387 408 386 407 381 407 380 406
0 287 420 286 421 284 421 276 429 276 433 277 434 277 437 278 438 278 445 280 447 281 447 282 448 284 448 285 449 293 449 294 450 296 450 297 451 299 451 300 450 302 450 305 447 305 445 306 444 306 442 309 439 309 435 307 433 307 432 305 430 305 429 300 424 299 424 298 423 296 423 295 422 293 422 292 421 290 421 289 420
0 321 312 320 313 318 313 317 314 316 314 315 315 314 315 310 319 310 320 309 321 309 322 307 324 307 332 308 333 308 334 310 336 310 337 315 342 317 342 318 343 328 343 329 342 331 342 332 341 333 341 336 338 336 337 339 334 339 333 340 332 340 321 339 320 339 319 334 314 333 314 332 313 330 313 329 312
0 625 213 624 214 622 214 621 215 619 215 613 221 613 222 612 223 612 226 611 227 611 233 612 234 612 236 613 237 613 238 619 244 620 244 621 245 623 245 624 246 626 246 627 247 629 247 630 246 632 246 633 245 635 245 636 244 638 244 639 243 639 219 635 215 634 215 633 214 631 214 630 213
0 555 257 554 258 552 258 551 259 549 259 547 261 546 261 544 263 544 264 543 265 543 266 542 267 542 269 541 270 541 278 542 279 542 280 543 281 543 282 548 287 549 287 550 288 552 288 553 289 560 289 561 288 563 288 564 287 565 287 566 286 567 286 569 284 569 283 570 282 570 281 571 280 571 278 572 277 572 270 571 269 571 267 570 266 570 265 569 264 569 263 565 259 563 259 562 258 560 258 559 257
0 426 455 425 456 423 456 422 457 421 457 420 458 419 458 418 459 417 459 413 463 413 464 412 465 412 467 411 468 411 475 412 476 412 478 413 479 439 479 441 477 441 476 442 475 442 474 443 473 443 469 442 468 442 466 441 465 441 462 440 461 440 460 438 458 437 458 436 457 434 457 433 456 431 456 430 455
0 326 450 325 451 323 451 322 452 321 452 320 453 319 453 315 457 315 458 313 460 313 464 312 465 312 469 313 470 313 475 314 476 314 477 316 479 343 479 345 477 345 475 346 474 346 471 347 470 347 466 346 465 346 461 345 460 345 459 338 452 337 452 336 451 334 451 333 450
0 290 286 289 287 287 287 283 291 283 292 281 294 281 297 280 298 280 305 281 306 281 308 282 309 282 310 287 315 289 315 290 316 297 316 298 315 300 315 301 314 302 314 307 309 307 308 308 307 308 305 309 304 309 293 308 292 308 291 306 289 305 289 304 288 303 288 302 287 300 287 299 286
0 377 336 376 337 374 337 373 338 372 338 371 339 370 339 368 341 368 343 367 344 367 347 366 348 366 352 367 353 367 355 368 356 368 357 369 358 369 359 372 362 373 362 374 363 376 363 377 364 387 364 388 363 390 363 391 362 393 362 396 359 396 358 397 357 397 356 398 355 398 347 397 346 397 345 396 344 396 343 392 339 391 339 390 338 389 338 388 337 386 337 385 336
0 427 355 426 356 424 356 423 357 422 357 421 358 419 358 416 361 416 363 415 364 415 371 416 372 416 374 417 375 417 376 418 377 418 378 422 382 423 382 424 383 426 383 427 384 429 384 430 385 438 385 439 384 441 384 442 383 443 383 447 379 447 377 448 376 448 375 449 374 449 368 448 367 448 366 447 365 447 364 442 359 441 359 440 358 439 358 438 357 436 357 435 356 433 356 432 355
0 499 286 498 287 496 287 495 288 493 288 492 289 491 289 485 295 485 297 484 298 484 299 483 300 483 308 484 309 484 311 485 312 485 313 486 314 486 315 491 320 492 320 493 321 495 321 496 322 498 322 499 323 503 323 504 322 506 322 507 321 508 321 513 316 513 315 514 314 514 313 515 312 515 309 516 308 516 297 515 296 515 295 514 294 514 293 513 292 513 291 511 289 510 289 509 288 507 288 506 287 503 287 502 286
0 347 377 346 378 344 378 342 380 341 380 338 383 338 384 336 386 336 390 335 391 335 395 336 396 336 398 337 399 337 400 338 401 338 402 340 404 341 404 343 406 344 406 345 407 347 407 348 408 355 408 356 407 358 407 359 406 360 406 365 401 365 400 366 399 366 398 367 397 367 389 366 388 366 386 365 385 365 384 360 379 359 379 358 378 356 378 355 377
0 399 428 398 429 396 429 395 430 394 430 388 436 388 437 387 438 387 448 388 449 388 451 389 452 389 453 391 455 392 455 393 456 395 456 396 457 398 457 399 458 404 458 405 457 408 457 409 456 411 456 412 455 413 455 416 452 416 451 417 450 417 449 418 448 418 438 417 437 417 436 416 435 416 434 413 431 411 431 410 430 408 430 407 429 405 429 404 428
0 551 302 550 303 548 303 547 304 546 304 542 308 542 309 541 310 541 311 540 312 540 315 539 316 539 325 542 328 543 328 544 329 546 329 547 330 548 330 550 332 552 332 553 333 557 333 558 332 560 332 561 331 562 331 563 330 564 330 567 327 567 326 568 325 568 324 572 320 572 314 571 313 571 311 570 310 570 308 566 304 564 304 563 303 561 303 560 302
0 484 359 483 360 481 360 480 361 479 361 478 362 477 362 474 365 473 365 470 368 470 370 469 371 469 373 468 374 468 380 469 381 469 383 470 384 470 385 471 386 471 387 476 392 477 392 478 393 480 393 481 394 483 394 484 395 490 395 491 394 493 394 494 393 495 393 496 392 497 392 502 387 502 386 503 385 503 384 504 383 504 377 503 376 503 372 502 371 502 369 501 368 501 367 500 366 500 365 496 361 495 361 494 360 492 360 491 359
0 332 348 331 349 323 349 322 350 320 350 319 351 317 351 314 354 314 355 313 356 313 358 312 359 312 360 311 361 311 367 312 368 312 369 313 370 313 371 315 373 315 374 318 377 319 377 320 378 321 378 322 379 324 379 325 380 329 380 330 379 332 379 333 378 335 378 336 377 337 377 344 370 344 369 345 368 345 356 344 355 344 354 343 353 343 352 341 350 340 350 339 349 337 349 336 348
0 379 370 378 371 376 371 375 372 373 372 371 374 371 375 370 376 370 377 369 378 369 380 368 381 368 389 369 390 369 392 370 393 370 394 372 396 373 396 375 398 376 398 377 399 378 399 379 400 381 400 382 401 387 401 388 400 390 400 391 399 392 399 394 397 395 397 397 395 397 394 399 392 399 380 398 379 398 378 394 374 393 374 391 372 390 372 389 371 387 371 386 370
0 400 273 399 274 394 274 393 275 391 275 390 276 388 276 383 281 383 282 382 283 382 284 381 285 381 295 382 296 382 297 383 298 383 299 385 301 385 302 387 304 388 304 389 305 391 305 392 306 402 306 403 305 405 305 406 304 407 304 414 297 414 294 415 293 415 284 414 283 414 282 413 281 413 280 410 277 409 277 408 276 407 276 406 275 405 275 404 274 402 274 401 273
0 612 342 611 343 609 343 608 344 606 344 605 345 604 345 600 349 600 351 599 352 599 354 598 355 598 361 599 362 599 364 600 365 600 366 604 370 605 370 607 372 608 372 609 373 611 373 612 374 617 374 618 373 620 373 621 372 623 372 629 366 629 364 630 363 630 354 629 353 629 351 627 349 627 348 623 344 622 344 621 343 619 343 618 342
0 288 450 287 451 285 451 284 452 283 452 282 453 281 453 280 454 279 454 278 455 277 455 275 457 275 458 274 459 274 460 273 461 273 464 272 465 272 469 273 470 273 472 274 473 274 474 275 475 275 476 277 478 279 478 280 479 301 479 305 475 305 474 306 473 306 467 305 466 305 464 304 463 304 461 303 460 303 459 302 458 302 457 300 455 299 455 297 453 296 453 294 451 292 451 291 450
0 533 335 532 336 530 336 528 338 527 338 524 341 524 342 523 343 523 344 522 345 522 346 521 347 521 354 522 355 522 357 523 358 523 359 524 360 524 361 527 364 528 364 530 366 532 366 533 367 536 367 537 368 539 368 540 367 542 367 543 366 545 366 551 360 551 359 552 358 552 357 553 356 553 352 554 351 554 347 553 346 553 344 552 343 552 342 547 337 546 337 545 336 543 336 542 335
0 22 444 21 445 19 445 18 446 16 446 15 447 14 447 9 452 9 453 8 454 8 455 6 457 6 458 5 459 5 460 4 461 4 470 5 471 5 476 8 479 35 479 38 476 38 475 39 474 39 473 40 472 40 471 41 470 41 465 42 464 42 459 41 458 41 457 39 455 39 454 38 453 38 452 37 451 37 450 34 447 33 447 32 446 30 446 29 445 27 445 26 444
0 26 361 25 362 23 362 21 364 20 364 16 368 16 370 15 371 15 373 14 374 14 385 15 386 15 387 21 393 22 393 23 394 24 394 25 395 27 395 28 396 33 396 34 395 36 395 38 393 39 393 42 390 42 389 46 385 46 384 47 383 47 376 46 375 46 372 45 371 45 369 38 362 36 362 35 361
0 193 248 192 249 190 249 189 250 188 250 184 254 184 255 183 256 183 257 182 258 182 268 183 269 183 270 184 271 184 272 187 275 188 275 189 276 190 276 191 277 193 277 194 278 201 278 202 277 204 277 205 276 206 276 210 272 210 271 211 270 211 267 212 266 212 261 211 260 211 257 210 256 210 255 209 254 209 253 206 250 205 250 204 249 202 249 201 248
0 293 217 292 218 290 218 289 219 288 219 287 220 286 220 279 227 279 231 278 232 278 236 279 237 279 239 280 240 280 241 281 242 281 243 287 249 289 249 290 250 300 250 301 249 303 249 304 248 305 248 310 243 311 243 314 240 314 239 315 238 315 229 314 228 314 226 308 220 307 220 306 219 305 219 304 218 302 218 301 217
0 99 442 98 443 96 443 95 444 94 444 93 445 92 445 87 450 87 451 85 453 85 457 86 458 86 460 87 461 87 462 89 464 89 465 93 469 94 469 95 470 97 470 98 471 103 471 104 470 106 470 107 469 109 469 112 466 112 465 113 464 113 463 114 462 114 451 113 450 113 449 112 448 112 447 109 444 108 444 107 443 105 443 104 442
0 218 426 217 427 215 427 214 428 213 428 209 432 209 433 208 434 208 435 207 436 207 445 208 446 208 447 214 453 215 453 216 454 218 454 219 455 222 455 223 456 225 456 226 455 229 455 230 454 232 454 233 453 234 453 237 450 237 449 238 448 238 437 237 436 237 435 236 434 236 433 231 428 230 428 229 427 227 427 226 426
0 58 428 57 429 54 429 53 430 51 430 50 431 49 431 48 432 47 432 45 434 45 435 43 437 43 438 42 439 42 446 43 447 43 449 47 453 47 454 50 457 51 457 52 458 54 458 55 459 63 459 64 458 66 458 67 457 68 457 71 454 71 453 72 452 72 451 73 450 73 449 74 448 74 447 75 446 75 440 74 439 74 438 73 437 73 436 68 431 67 431 65 429 63 429 62 428
0 236 377 235 378 232 378 231 379 229 379 228 380 227 380 222 385 222 386 221 387 221 388 220 389 220 390 219 391 219 395 220 396 220 399 221 400 221 402 222 403 222 405 223 406 223 408 225 410 225 411 231 417 233 417 234 418 236 418 237 419 238 418 240 418 241 417 243 417 252 408 252 407 254 405 254 404 255 403 255 401 256 400 256 391 255 390 255 388 254 387 254 386 248 380 247 380 245 378 243 378 242 377
0 433 186 432 187 430 187 429 188 428 188 426 190 425 190 423 192 423 193 422 194 422 195 421 196 421 205 422 206 422 208 428 214 429 214 430 215 432 215 433 216 438 216 439 215 441 215 442 214 443 214 447 210 447 209 448 208 448 207 449 206 449 197 448 196 448 195 447 194 447 192 444 189 443 189 442 188 440 188 439 187 437 187 436 186
0 315 250 314 251 312 251 311 252 310 252 309 253 308 253 302 259 302 260 301 261 301 262 300 263 300 265 299 266 299 271 300 272 300 274 301 275 301 276 302 277 302 278 303 279 303 280 305 282 306 282 307 283 309 283 310 284 319 284 320 283 324 283 325 282 327 282 329 280 330 280 332 278 332 277 333 276 333 275 334 274 334 271 335 270 335 264 334 263 334 261 333 260 333 259 332 258 332 257 328 253 327 253 326 252 325 252 324 251 322 251 321 250
1 93 1 92 7 92 16 93 18 97 22 103 25 106 26 112 26 117 23 121 22 123 20 124 18 124 14 126 12 126 8 125 3 123 0
1 18 239 15 240 10 245 9 248 9 252 7 255 7 264 8 267 9 270 15 276 20 279 31 279 35 277 37 275 38 273 39 271 40 268 40 263 38 259 35 254 33 249 33 245 31 243 25 240 21 239
1 51 233 47 234 45 235 39 241 38 243 38 253 40 256 46 262 49 264 59 264 61 263 63 262 68 257 69 255 70 253 70 244 69 241 67 238 65 236 63 235 61 234 54 233
0 85 184 82 185 80 187 78 191 75 194 73 197 72 200 72 203 73 207 74 210 79 215 81 216 83 217 89 217 92 216 94 215 97 212 100 206 101 203 101 198 100 195 96 191 95 188 92 185 90 184
1 139 210 136 211 133 212 130 214 128 216 126 219 125 221 124 223 122 230 122 234 124 236 126 237 133 240 138 241 145 241 148 240 150 239 153 237 156 234 157 232 158 230 158 221 157 218 151 212 148 211 145 210
1 131 229 123 230 122 233 116 239 113 245 112 248 112 254 113 256 115 259 118 262 124 265 132 265 136 264 138 263 140 262 144 258 145 256 146 254 147 251 147 246 146 243 144 240 146 238 144 236 140 233 137 232 134 232
1 397 104 394 105 392 106 388 110 386 113 385 115 385 123 392 130 393 133 394 135 396 136 401 135 403 134 405 133 408 131 413 125 414 121 414 116 413 111 411 107 408 105 406 104
1 270 10 266 11 263 12 261 13 258 16 255 20 254 22 253 25 253 31 254 34 255 36 256 38 263 45 265 46 273 46 275 45 277 44 280 41 283 37 284 35 285 33 285 28 284 19 283 17 278 12 276 11 273 10
1 161 343 158 344 155 345 151 349 150 351 149 353 149 363 150 366 152 368 152 369 153 370 158 374 160 375 165 376 174 376 177 374 179 372 179 368 181 364 181 358 180 355 179 353 178 351 173 346 171 345 169 344 165 344 164 343
1 170 368 167 369 164 370 160 374 159 377 159 386 160 389 161 391 162 393 165 397 168 399 180 399 182 397 183 397 184 396 184 395 186 393 187 391 188 389 189 386 189 383 188 379 185 374 183 372 178 369 176 368
1 484 410 481 411 478 414 477 416 477 422 479 427 482 436 483 438 484 440 486 443 488 444 491 445 494 445 498 444 501 441 504 440 506 438 507 434 507 432 506 427 505 424 503 419 501 416 499 414 496 412 491 410
1 529 435 525 436 523 437 521 439 520 441 517 442 515 444 514 447 514 455 517 461 520 464 523 466 526 467 529 468 536 468 539 467 541 466 543 465 546 462 549 456 549 447 548 445 547 443 546 442 540 437 538 436 535 435
1 570 432 568 433 563 436 562 438 562 440 560 442 559 442 558 443 557 445 556 452 556 456 557 460 558 462 563 467 565 468 568 469 572 470 576 470 580 469 586 466 590 462 594 454 594 448 593 444 590 440 591 439 590 437 588 435 583 433 580 432
1 614 420 606 424 604 426 601 433 600 443 601 447 602 450 603 452 608 457 614 459 618 459 621 458 623 457 625 455 626 455 627 454 627 453 629 451 633 443 633 431 629 427 627 423 625 421 621 420
1 126 0 127 3 129 5 130 5 133 8 135 9 137 10 141 11 146 11 149 10 151 9 153 8 158 3 159 0
1 215 0 215 2 220 7 226 10 231 10 235 9 237 8 239 7 242 5 244 3 244 0
1 317 0 318 3 320 5 328 9 333 11 336 11 340 10 343 9 345 8 349 4 350 2 350 0
1 476 0 476 5 479 11 482 14 485 16 488 17 491 18 498 18 501 17 503 16 506 14 508 12 510 9 511 7 511 4 512 3 511 0
1 605 0 605 3 609 11 613 15 616 17 619 18 626 18 628 17 630 16 632 14 633 14 634 13 635 11 636 9 636 6 637 3 639 0
1 636 111 634 112 631 115 630 117 629 119 628 122 628 127 629 130 630 132 632 135 636 139 639 140 639 110
1 635 252 632 253 630 254 625 259 624 261 623 265 623 269 624 274 625 276 626 278 630 282 633 284 636 284 637 285 639 285 639 252
1 0 193 0 221 3 219 4 219 5 218 5 217 7 215 8 213 9 208 9 206 8 200 7 198 3 194
1 0 325 0 357 2 358 7 358 11 357 13 356 16 354 19 351 20 348 20 338 19 335 18 333 12 327 10 326 7 325
1 0 406 0 436 4 436 6 435 12 429 13 427 14 425 14 419 14 417 13 415 7 409
1 118 464 113 469 112 470 112 471 110 473 109 476 110 478 138 478 139 476 138 469 131 463 127 463 126 464 123 464 122 463
1 184 461 182 462 180 463 175 468 174 470 173 472 174 479 206 478 206 473 203 467 200 464 197 462 194 461