0 301 117 300 118 298 118 294 122 294 123 288 129 288 132 287 133 287 135 286 136 286 138 285 139 285 145 291 151 292 151 293 152 295 152 296 153 302 153 303 152 305 152 307 150 308 150 309 149 310 149 312 147 312 146 313 145 313 143 315 141 315 140 316 139 316 138 317 137 317 124 316 123 316 122 314 120 313 120 311 118 309 118 308 117
0 597 162 596 163 594 163 593 164 592 164 591 165 590 165 589 166 588 166 586 168 586 169 582 173 582 175 581 176 581 186 582 187 582 188 589 195 590 195 592 197 594 197 595 198 606 198 607 197 609 197 610 196 611 196 617 190 617 189 618 188 618 187 619 186 619 174 618 173 618 172 617 171 617 170 612 165 611 165 610 164 609 164 608 163 606 163 605 162
0 497 19 496 20 494 20 493 21 492 21 485 28 485 29 484 30 484 39 485 40 485 42 486 43 486 44 492 50 493 50 494 51 496 51 497 52 504 52 505 51 507 51 508 50 510 50 511 49 512 49 514 47 514 46 515 45 515 42 516 41 516 36 517 35 517 31 516 30 516 28 510 22 509 22 507 20 505 20 504 19
0 594 26 593 27 591 27 590 28 588 28 587 29 581 29 580 30 578 30 577 31 575 31 573 33 573 34 572 35 572 36 571 37 571 38 570 39 570 47 571 48 571 50 572 51 572 53 573 54 573 55 575 57 576 57 577 58 578 58 579 59 581 59 582 60 584 60 585 61 589 61 590 62 595 62 596 61 598 61 602 57 602 56 603 55 603 47 604 46 604 44 605 43 605 40 606 39 606 34 605 33 605 31 601 27 599 27 598 26
0 402 96 401 97 399 97 392 104 392 105 391 106 391 107 390 108 390 117 391 118 391 120 392 121 392 122 393 123 393 124 397 128 398 128 400 130 401 130 402 131 404 131 405 132 407 132 408 133 416 133 417 132 419 132 420 131 421 131 422 130 423 130 425 128 425 127 427 125 427 124 428 123 428 122 429 121 429 114 428 113 428 112 427 111 427 110 419 102 419 101 416 98 415 98 414 97 412 97 411 96
0 563 142 562 143 560 143 559 144 558 144 557 145 556 145 550 151 550 152 549 153 549 154 548 155 548 157 547 158 547 166 548 167 548 168 549 169 549 170 550 171 550 172 552 174 553 174 555 176 557 176 558 177 560 177 561 178 566 178 567 177 569 177 570 176 571 176 572 175 573 175 578 170 578 169 580 167 580 166 581 165 581 163 582 162 582 151 581 150 581 149 575 143 573 143 572 142
0 355 33 354 34 352 34 351 35 349 35 342 42 342 43 340 45 340 46 339 47 339 58 341 60 341 61 347 67 348 67 349 68 351 68 352 69 354 69 355 70 364 70 365 69 367 69 368 68 369 68 370 67 371 67 376 62 376 61 377 60 377 58 378 57 378 49 377 48 377 46 376 45 376 44 375 43 375 42 368 35 366 35 365 34 362 34 361 33
0 320 11 319 12 317 12 316 13 315 13 311 17 311 18 310 19 310 20 309 21 309 23 308 24 308 29 309 30 309 33 310 34 310 35 311 36 311 37 316 42 317 42 318 43 320 43 321 44 324 44 325 45 329 45 330 44 332 44 333 43 334 43 335 42 336 42 338 40 338 39 342 35 342 24 341 23 341 20 339 18 339 17 335 13 334 13 333 12 331 12 330 11
0 482 68 481 69 479 69 478 70 476 70 470 76 470 78 469 79 469 84 470 85 470 87 471 88 471 89 474 92 475 92 477 94 479 94 480 95 490 95 491 94 493 94 496 91 496 83 495 82 495 76 489 70 487 70 486 69 483 69
0 355 147 354 148 352 148 351 149 350 149 348 151 347 151 344 154 344 155 343 156 343 157 342 158 342 168 343 169 343 171 344 172 344 173 349 178 350 178 352 180 353 180 356 183 357 183 358 184 360 184 361 185 367 185 368 184 370 184 371 183 373 183 376 180 376 179 377 178 377 177 378 176 378 175 379 174 379 164 378 163 378 158 377 157 377 156 376 155 376 154 370 148 368 148 367 147
0 402 139 401 140 395 140 394 141 392 141 391 142 390 142 386 146 386 147 385 148 385 149 383 151 383 160 384 161 384 165 386 167 386 168 390 172 391 172 392 173 394 173 395 174 406 174 407 173 409 173 411 171 412 171 416 167 416 166 419 163 419 160 420 159 420 152 419 151 419 149 417 147 417 146 416 145 416 144 414 142 413 142 412 141 410 141 409 140 405 140 404 139
0 570 64 569 65 567 65 566 66 565 66 564 67 563 67 560 70 560 71 559 72 559 73 558 74 558 75 557 76 557 82 558 83 558 85 562 89 562 90 566 94 568 94 569 95 571 95 572 96 584 96 585 95 587 95 594 88 594 87 599 82 599 76 595 72 595 71 592 68 590 68 589 67 582 67 581 66 578 66 577 65 575 65 574 64
0 568 0 567 1 567 4 566 5 566 9 567 10 567 12 568 13 568 14 569 15 569 16 574 21 576 21 577 22 580 22 581 23 584 23 585 22 587 22 588 21 589 21 590 20 591 20 596 15 596 13 597 12 597 9 598 8 598 2 597 1 597 0
0 370 74 369 75 366 75 365 76 361 76 360 77 358 77 357 78 356 78 355 79 354 79 352 81 352 82 351 83 351 84 350 85 350 86 349 87 349 96 350 97 350 99 352 101 352 102 356 106 357 106 360 109 362 109 363 110 365 110 366 111 375 111 376 110 378 110 379 109 380 109 387 102 387 101 388 100 388 99 389 98 389 96 390 95 390 86 389 85 389 83 387 81 387 80 385 78 384 78 382 76 381 76 380 75 378 75 377 74
0 627 118 626 119 624 119 623 120 621 120 619 122 618 122 615 125 615 126 614 127 614 128 613 129 613 140 614 141 614 143 618 147 619 147 621 149 623 149 624 150 626 150 627 149 631 149 632 148 634 148 635 147 636 147 639 144 639 122 637 120 636 120 635 119 633 119 632 118
0 455 166 454 167 452 167 451 168 450 168 449 169 448 169 444 173 444 174 443 175 443 176 442 177 442 188 443 189 443 191 444 192 444 193 450 199 451 199 452 200 454 200 455 201 462 201 463 200 465 200 466 199 467 199 468 198 469 198 473 194 473 193 474 192 474 191 475 190 475 188 476 187 476 180 475 179 475 176 474 175 474 174 468 168 467 168 466 167 464 167 463 166
0 618 32 617 33 615 33 613 35 613 36 610 39 609 39 607 41 607 42 606 43 606 52 612 58 613 58 615 60 616 60 617 61 618 61 619 62 621 62 622 63 623 63 624 62 629 62 630 61 632 61 634 59 634 58 636 56 638 56 639 55 639 39 638 39 637 38 636 38 635 37 634 37 633 36 631 36 630 35 627 35 626 34 624 34 623 33 621 33 620 32
0 136 186 135 187 133 187 132 188 130 188 124 194 124 195 123 196 123 198 122 199 122 207 123 208 123 209 124 210 124 211 125 212 125 213 130 218 131 218 132 219 134 219 135 220 146 220 147 219 149 219 151 217 152 217 154 215 154 214 156 212 156 211 157 210 157 206 158 205 158 201 157 200 157 198 156 197 156 196 155 195 155 194 150 189 149 189 148 188 147 188 146 187 144 187 143 186
0 22 279 21 280 19 280 18 281 17 281 16 282 15 282 13 284 13 285 12 286 12 287 11 288 11 291 10 292 10 305 11 306 11 308 17 314 18 314 20 316 22 316 23 317 29 317 30 316 32 316 33 315 34 315 35 314 36 314 41 309 41 308 42 307 42 306 43 305 43 303 44 302 44 293 43 292 43 289 42 288 42 287 40 285 39 285 38 284 37 284 36 283 35 283 33 281 32 281 31 280 29 280 28 279
0 189 249 188 250 186 250 185 251 184 251 183 252 182 252 180 254 179 254 173 260 173 261 171 263 171 273 172 274 172 275 173 276 173 277 177 281 179 281 180 282 182 282 183 283 185 283 186 284 192 284 193 283 195 283 196 282 197 282 204 275 204 274 205 273 205 272 206 271 206 262 205 261 205 259 204 258 204 257 199 252 198 252 197 251 196 251 195 250 193 250 192 249
0 174 214 173 215 171 215 169 217 168 217 164 221 164 222 163 223 163 225 162 226 162 231 163 232 163 235 167 239 168 239 169 240 171 240 172 241 174 241 175 242 181 242 182 241 184 241 185 240 186 240 191 235 191 234 192 233 192 226 191 225 191 223 190 222 190 221 188 219 188 218 186 216 184 216 183 215 180 215 179 214
0 74 409 73 410 71 410 69 412 68 412 63 417 63 418 62 419 62 420 61 421 61 430 62 431 62 432 63 433 63 434 64 435 64 436 67 439 68 439 70 441 71 441 72 442 74 442 75 443 81 443 82 442 85 442 86 441 88 441 92 437 92 436 93 435 93 434 94 433 94 426 93 425 93 423 92 422 92 420 91 419 91 417 90 416 90 415 87 412 86 412 85 411 83 411 82 410 80 410 79 409
0 13 321 12 322 9 322 8 323 6 323 5 324 4 324 0 328 0 350 5 355 6 355 7 356 9 356 10 357 19 357 20 356 22 356 23 355 24 355 25 354 26 354 27 353 28 353 31 350 31 348 32 347 32 346 33 345 33 342 34 341 34 337 33 336 33 334 32 333 32 332 31 331 31 330 25 324 24 324 23 323 21 323 20 322 18 322 17 321
0 383 189 382 190 380 190 379 191 378 191 377 192 376 192 370 198 370 199 368 201 368 203 367 204 367 205 366 206 366 219 367 220 367 222 368 223 368 224 370 226 372 226 373 227 376 227 377 228 386 228 387 227 389 227 390 226 392 226 393 225 394 225 399 220 399 219 400 218 400 217 401 216 401 215 402 214 402 213 403 212 403 200 402 199 402 198 401 197 401 196 397 192 396 192 395 191 394 191 393 190 391 190 390 189
0 434 73 433 74 431 74 430 75 429 75 423 81 423 82 422 83 422 85 421 86 421 93 422 94 422 96 424 98 424 99 430 105 431 105 432 106 434 106 435 107 442 107 443 106 445 106 446 105 447 105 452 100 452 99 453 98 453 97 454 96 454 84 453 83 453 82 452 81 452 80 448 76 447 76 445 74 443 74 442 73
0 606 88 605 89 603 89 602 90 601 90 596 95 596 96 595 97 595 106 596 107 596 108 597 109 597 110 600 113 601 113 602 114 603 114 604 115 606 115 607 116 615 116 616 115 618 115 619 114 620 114 621 113 622 113 626 109 626 108 627 107 627 99 626 98 626 97 625 96 625 95 620 90 619 90 618 89 616 89 615 88
0 284 67 283 68 281 68 280 69 278 69 272 75 272 77 271 78 271 85 272 86 272 88 273 89 273 90 274 91 274 92 279 97 280 97 281 98 282 98 283 99 285 99 286 100 294 100 295 99 297 99 298 98 299 98 303 94 303 93 304 92 304 91 305 90 305 79 304 78 304 76 303 75 303 74 300 71 299 71 297 69 295 69 294 68 291 68 290 67
0 595 256 594 257 592 257 591 258 590 258 587 261 587 262 585 264 585 265 584 266 584 278 587 281 587 282 591 286 592 286 594 288 596 288 597 289 604 289 605 288 607 288 608 287 609 287 610 286 611 286 615 282 615 280 616 279 616 276 617 275 617 271 616 270 616 267 615 266 615 265 613 263 613 262 610 259 609 259 608 258 607 258 606 257 604 257 603 256
0 565 237 564 238 562 238 558 242 558 243 555 246 555 247 553 249 553 251 552 252 552 264 554 266 554 267 555 268 555 270 559 274 560 274 561 275 563 275 564 276 567 276 568 277 570 277 571 276 573 276 578 271 578 270 579 269 579 266 580 265 580 261 582 259 582 258 583 257 583 254 584 253 584 248 583 247 583 245 576 238 574 238 573 237
0 493 218 492 219 490 219 489 220 488 220 483 225 483 226 482 227 482 228 481 229 481 232 480 233 480 241 481 242 481 243 482 244 482 245 483 246 483 247 488 252 489 252 490 253 492 253 493 254 495 254 496 255 500 255 501 254 503 254 504 253 506 253 507 252 508 252 514 246 514 245 515 244 515 242 516 241 516 232 515 231 515 230 514 229 514 227 511 224 511 223 509 221 508 221 507 220 506 220 505 219 503 219 502 218
0 536 215 535 216 531 216 530 217 528 217 527 218 526 218 524 220 523 220 520 223 520 225 519 226 519 231 520 232 520 237 528 245 529 245 530 246 532 246 533 247 535 247 536 248 540 248 541 247 543 247 544 246 546 246 547 245 548 245 552 241 552 240 553 239 553 226 551 224 551 223 547 219 546 219 545 218 544 218 543 217 541 217 540 216 538 216 537 215
0 252 100 251 101 249 101 248 102 247 102 245 104 245 105 243 107 243 109 242 110 242 117 243 118 243 120 248 125 250 125 251 126 253 126 254 127 259 127 260 126 262 126 268 120 268 119 269 118 269 108 268 107 268 106 267 105 267 104 265 102 264 102 263 101 261 101 260 100
0 112 73 111 74 109 74 107 76 106 76 104 78 103 78 99 82 99 83 98 84 98 87 97 88 97 96 98 97 98 98 99 99 99 100 102 103 103 103 104 104 105 104 106 105 107 105 108 106 110 106 111 107 113 107 114 106 117 106 118 105 120 105 121 104 122 104 123 103 124 103 126 101 126 100 127 99 127 98 128 97 128 96 131 93 131 92 132 91 132 81 131 80 131 79 127 75 125 75 124 74 121 74 120 73
0 184 107 183 108 181 108 180 109 176 109 175 110 173 110 171 112 171 114 170 115 170 116 165 121 165 126 166 127 166 128 167 129 167 130 169 132 170 132 171 133 172 133 177 138 179 138 180 139 182 139 183 138 185 138 187 136 189 136 196 129 196 128 197 127 197 126 198 125 198 121 197 120 197 117 196 116 196 112 194 110 192 110 191 109 189 109 188 108 186 108 185 107
0 216 135 215 136 213 136 211 138 211 139 210 140 210 141 209 142 209 143 208 144 208 146 207 147 207 155 208 156 208 158 214 164 215 164 216 165 218 165 219 166 223 166 224 165 226 165 227 164 228 164 229 163 230 163 231 162 233 162 237 158 237 157 238 156 238 145 237 144 237 142 234 139 232 139 231 138 229 138 228 137 226 137 225 136 221 136 220 135
0 84 28 83 29 80 29 79 30 77 30 76 31 75 31 71 35 71 36 70 37 70 38 69 39 69 40 68 41 68 48 69 49 69 50 70 51 70 52 72 54 72 55 77 60 79 60 80 61 83 61 84 62 88 62 89 61 92 61 93 60 95 60 101 54 101 53 102 52 102 38 101 37 101 36 96 31 95 31 93 29 91 29 90 28
0 143 92 142 93 139 93 138 94 136 94 133 97 133 98 132 99 132 100 131 101 131 110 132 111 132 112 135 115 136 115 138 117 140 117 141 118 145 118 146 119 153 119 154 118 156 118 157 117 158 117 162 113 162 112 163 111 163 110 164 109 164 103 163 102 163 100 162 99 162 98 160 96 159 96 158 95 157 95 156 94 154 94 153 93 145 93 144 92
0 123 230 122 231 120 231 119 232 117 232 116 233 115 233 114 234 113 234 111 236 111 237 110 238 110 239 109 240 109 241 108 242 108 250 109 251 109 253 110 254 110 256 111 257 111 258 116 263 117 263 118 264 120 264 121 265 123 265 124 266 127 266 128 265 130 265 131 264 133 264 134 263 135 263 142 256 142 254 143 253 143 242 142 241 142 240 141 239 141 238 140 237 140 236 138 234 137 234 136 233 135 233 134 232 132 232 131 231 129 231 128 230
0 108 397 107 398 105 398 104 399 102 399 101 400 100 400 97 403 97 404 96 405 96 409 95 410 95 414 96 415 96 417 97 418 97 422 98 423 98 424 100 426 101 426 104 429 105 429 106 430 107 430 108 431 110 431 111 432 114 432 115 433 117 433 118 432 120 432 121 431 122 431 124 429 125 429 130 424 130 409 121 400 120 400 119 399 117 399 116 398 110 398 109 397
0 33 27 32 28 30 28 29 29 28 29 26 31 24 31 18 37 18 39 17 40 17 48 18 49 18 50 19 51 19 52 20 53 20 54 24 58 25 58 27 60 29 60 30 61 33 61 34 62 37 62 38 61 41 61 42 60 44 60 45 59 46 59 51 54 51 53 52 52 52 51 53 50 53 49 54 48 54 38 53 37 53 36 52 35 52 34 48 30 47 30 46 29 45 29 44 28 42 28 41 27
0 282 206 281 207 279 207 278 208 276 208 275 209 273 209 272 210 271 210 269 212 268 212 263 217 263 224 264 225 264 227 265 228 265 229 266 230 266 231 267 232 267 233 271 237 272 237 273 238 274 238 275 239 276 239 277 240 279 240 280 241 282 241 283 240 288 240 289 239 291 239 292 238 293 238 296 235 297 235 299 233 299 232 300 231 300 230 301 229 301 228 302 227 302 218 301 217 301 216 300 215 300 214 294 208 293 208 292 207 290 207 289 206
0 267 177 266 178 264 178 262 180 261 180 258 183 258 184 256 186 256 188 255 189 255 196 256 197 256 199 260 203 261 203 262 204 264 204 265 205 269 205 270 204 274 204 275 203 277 203 283 197 283 189 282 188 282 184 281 183 281 182 277 178 275 178 274 177
0 363 275 362 276 360 276 359 277 358 277 356 279 356 280 355 281 355 282 354 283 354 285 353 286 353 291 354 292 354 294 355 295 355 297 356 298 356 299 359 302 359 303 361 305 362 305 363 306 364 306 365 307 367 307 368 308 373 308 374 307 378 307 379 306 381 306 382 305 384 305 385 304 386 304 390 300 390 299 391 298 391 290 390 289 390 287 389 286 389 285 383 279 381 279 380 278 377 278 376 277 375 277 374 276 372 276 371 275
0 383 243 382 244 380 244 379 245 378 245 377 246 376 246 370 252 370 254 369 255 369 262 370 263 370 265 373 268 374 268 377 271 378 271 380 273 381 273 382 274 384 274 385 275 389 275 390 274 392 274 393 273 395 273 398 270 398 269 399 268 399 267 400 266 400 265 401 264 401 256 400 255 400 254 399 253 399 251 394 246 392 246 391 245 390 245 389 244 387 244 386 243
0 45 121 44 122 41 122 40 123 38 123 37 124 36 124 34 126 34 127 32 129 32 130 30 132 30 133 29 134 29 140 30 141 30 144 31 145 31 146 37 152 38 152 39 153 41 153 42 154 44 154 45 155 49 155 50 154 53 154 54 153 56 153 57 152 58 152 64 146 64 145 65 144 65 142 66 141 66 134 65 133 65 132 64 131 64 130 63 129 63 128 58 123 57 123 56 122 54 122 53 121
0 330 376 329 377 327 377 326 378 325 378 320 383 320 385 319 386 319 392 320 393 320 397 321 398 321 400 322 401 322 402 324 404 325 404 327 406 328 406 329 407 331 407 332 408 334 408 335 407 339 407 340 406 342 406 344 404 345 404 353 396 353 395 355 393 355 392 356 391 356 384 355 383 355 382 351 378 349 378 348 377 335 377 334 376
0 332 340 331 341 329 341 328 342 327 342 326 343 325 343 324 344 323 344 319 348 319 349 318 350 318 358 319 359 319 362 320 363 320 364 327 371 329 371 330 372 334 372 335 373 337 373 338 374 340 374 341 373 343 373 344 372 345 372 350 367 350 366 353 363 353 362 354 361 354 352 353 351 353 350 352 349 352 348 347 343 346 343 345 342 344 342 343 341 341 341 340 340
0 84 452 83 453 81 453 80 454 79 454 75 458 75 459 73 461 73 463 72 464 72 466 71 467 71 473 72 474 72 476 75 479 102 479 104 477 104 474 105 473 105 464 104 463 104 462 103 461 103 460 102 459 102 458 99 455 98 455 97 454 96 454 95 453 93 453 92 452
0 333 179 332 180 330 180 329 181 328 181 327 182 326 182 321 187 321 188 320 189 320 190 319 191 319 201 320 202 320 204 321 205 321 206 323 208 323 209 325 211 326 211 328 213 330 213 331 214 339 214 340 213 342 213 343 212 344 212 345 211 346 211 352 205 352 204 353 203 353 201 354 200 354 194 353 193 353 190 351 188 351 187 346 182 345 182 344 181 342 181 341 180 339 180 338 179
0 515 157 514 158 512 158 511 159 510 159 509 160 508 160 502 166 502 167 501 168 501 169 500 170 500 177 501 178 501 181 502 182 502 183 504 185 504 186 508 190 510 190 511 191 514 191 515 192 523 192 524 191 526 191 527 190 528 190 529 189 530 189 535 184 535 183 536 182 536 181 537 180 537 169 536 168 536 167 534 165 534 164 530 160 529 160 528 159 526 159 525 158 523 158 522 157
0 520 86 519 87 516 87 515 88 513 88 509 92 509 96 508 97 508 105 509 106 509 108 510 109 510 110 513 113 513 114 515 116 515 117 517 119 518 119 519 120 521 120 522 121 524 121 525 122 533 122 534 121 536 121 538 119 538 118 539 117 539 115 540 114 540 112 541 111 541 104 540 103 540 102 539 101 539 99 538 98 538 97 537 96 537 95 529 87 527 87 526 86
0 39 0 38 1 38 2 37 3 37 4 36 5 36 7 35 8 35 13 36 14 36 15 37 16 37 17 39 19 39 20 42 23 43 23 44 24 46 24 47 25 50 25 51 24 54 24 55 23 57 23 59 21 60 21 62 19 62 18 64 16 64 14 65 13 65 6 64 5 64 3 61 0
0 193 174 192 175 190 175 189 176 188 176 179 185 179 187 178 188 178 198 179 199 179 201 180 202 180 203 183 206 184 206 186 208 188 208 189 209 194 209 195 210 196 209 202 209 203 208 205 208 206 207 207 207 213 201 213 200 214 199 214 198 215 197 215 188 214 187 214 184 213 183 213 182 208 177 207 177 206 176 204 176 203 175 201 175 200 174
0 91 158 90 159 88 159 87 160 86 160 80 166 80 169 79 170 79 178 80 179 80 181 81 182 81 183 87 189 88 189 91 192 93 192 94 193 95 192 100 192 101 191 103 191 104 190 106 190 107 189 108 189 109 188 110 188 113 185 113 184 114 183 114 182 115 181 115 178 116 177 116 173 115 172 115 169 113 167 113 166 107 160 106 160 105 159 103 159 102 158
0 140 3 139 4 136 4 135 5 133 5 131 7 130 7 125 12 125 13 124 14 124 17 123 18 123 22 124 23 124 26 125 27 125 28 126 29 126 30 131 35 132 35 133 36 134 36 136 38 138 38 139 39 141 39 142 40 147 40 148 39 151 39 152 38 154 38 160 32 160 31 162 29 162 27 163 26 163 16 162 15 162 14 161 13 161 12 155 6 154 6 153 5 151 5 150 4 143 4 142 3
0 130 370 129 371 127 371 125 373 124 373 122 375 122 376 120 378 120 380 119 381 119 389 120 390 120 391 122 393 122 394 126 398 127 398 129 400 130 400 131 401 133 401 134 402 140 402 141 401 143 401 149 395 149 394 150 393 150 392 151 391 151 382 150 381 150 380 149 379 149 378 144 373 143 373 141 371 139 371 138 370
0 222 108 221 109 219 109 218 110 217 110 215 112 214 112 211 115 211 116 210 117 210 118 209 119 209 121 208 122 208 130 209 131 209 132 211 134 213 134 214 135 216 135 217 134 223 134 224 135 226 135 227 136 230 136 231 137 234 137 235 136 237 136 239 134 239 132 240 131 240 123 239 122 239 118 238 117 238 115 235 112 234 112 231 109 229 109 228 108
0 255 1 254 2 249 2 248 3 244 3 243 4 241 4 240 5 239 5 238 6 237 6 231 12 231 14 230 15 230 25 231 26 231 27 232 28 232 29 237 34 238 34 239 35 241 35 242 36 251 36 252 35 254 35 256 33 257 33 264 26 264 25 266 23 266 22 267 21 267 20 268 19 268 18 269 17 269 8 268 7 268 6 265 3 264 3 263 2 261 2 260 1
0 236 166 235 167 233 167 232 168 231 168 230 169 229 169 228 170 227 170 222 175 222 176 221 177 221 180 220 181 220 186 221 187 221 188 222 189 222 190 223 191 223 192 226 195 227 195 228 196 229 196 230 197 232 197 233 198 240 198 241 197 243 197 245 195 246 195 249 192 249 191 250 190 250 187 251 186 251 184 252 183 252 174 251 173 251 172 247 168 246 168 245 167 243 167 242 166
0 121 39 120 40 118 40 117 41 116 41 111 46 111 47 110 48 110 55 111 56 111 59 112 60 112 62 113 63 113 64 115 66 117 66 118 67 120 67 121 68 124 68 125 69 128 69 129 70 130 70 131 69 134 69 135 68 137 68 141 64 141 62 142 61 142 50 141 49 141 48 138 45 136 45 135 44 134 44 132 42 131 42 129 40 127 40 126 39
0 81 338 80 339 73 339 72 340 70 340 68 342 68 343 65 346 64 346 61 349 61 361 64 364 65 364 66 365 67 365 68 366 70 366 71 367 77 367 78 366 80 366 81 365 82 365 84 363 85 363 86 362 87 362 88 361 89 361 91 359 91 357 92 356 92 354 93 353 93 351 94 350 94 344 92 342 91 342 89 340 88 340 87 339 85 339 84 338
0 446 341 445 342 442 342 441 343 439 343 435 347 435 348 434 349 434 356 435 357 435 359 436 360 436 361 438 363 438 364 442 368 444 368 445 369 447 369 448 370 453 370 454 369 456 369 460 365 460 364 461 363 461 353 460 352 460 351 459 350 459 349 453 343 451 343 450 342 447 342
0 360 396 359 397 357 397 353 401 353 402 351 404 351 405 350 406 350 411 351 412 351 414 352 415 352 416 353 417 353 418 355 420 355 421 360 426 362 426 363 427 369 427 370 426 372 426 373 425 375 425 376 424 377 424 379 422 379 421 380 420 380 418 381 417 381 406 380 405 380 404 375 399 374 399 373 398 372 398 371 397 369 397 368 396
0 470 263 469 264 467 264 466 265 465 265 464 266 463 266 461 268 460 268 458 270 458 271 457 272 457 273 456 274 456 275 455 276 455 283 456 284 456 286 462 292 463 292 465 294 467 294 468 295 472 295 473 296 475 296 476 295 479 295 480 294 482 294 484 292 485 292 487 290 487 289 488 288 488 287 489 286 489 285 490 284 490 274 489 273 489 272 483 266 482 266 481 265 479 265 478 264 476 264 475 263
0 429 223 428 224 426 224 425 225 423 225 421 227 420 227 418 229 418 230 417 231 417 232 416 233 416 235 415 236 415 241 416 242 416 244 422 250 423 250 425 252 427 252 428 253 430 253 431 254 435 254 436 253 438 253 439 252 440 252 441 251 442 251 447 246 447 245 448 244 448 243 449 242 449 237 448 236 448 233 447 232 447 231 442 226 441 226 440 225 439 225 438 224 436 224 435 223
0 407 341 406 342 404 342 403 343 402 343 400 345 399 345 395 349 395 351 394 352 394 361 395 362 395 364 401 370 402 370 403 371 405 371 406 372 409 372 410 373 411 372 415 372 416 371 418 371 419 370 420 370 421 369 422 369 428 363 428 359 429 358 429 354 428 353 428 349 427 348 427 347 423 343 422 343 421 342 419 342 418 341
0 553 306 552 307 550 307 549 308 548 308 545 311 545 312 544 313 544 315 543 316 543 324 544 325 544 328 548 332 548 333 550 335 551 335 552 336 554 336 555 337 557 337 558 338 561 338 562 337 564 337 565 336 566 336 567 335 568 335 570 333 570 332 572 330 572 327 573 326 573 320 572 319 572 316 571 315 571 314 564 307 562 307 561 306
0 441 378 440 379 438 379 437 380 435 380 429 386 429 388 428 389 428 397 429 398 429 400 430 401 430 402 431 403 431 404 432 405 432 406 433 407 433 408 434 409 434 410 437 413 439 413 440 414 445 414 446 413 448 413 449 412 450 412 451 411 452 411 454 409 455 409 460 404 460 403 461 402 461 394 460 393 460 392 458 390 458 389 457 388 457 386 451 380 449 380 448 379 445 379 444 378
0 330 415 329 416 327 416 326 417 325 417 323 419 322 419 319 422 319 423 318 424 318 425 317 426 317 434 318 435 318 436 319 437 319 438 320 439 320 440 322 442 323 442 326 445 328 445 329 446 333 446 334 447 337 447 338 446 340 446 342 444 343 444 345 442 346 442 351 437 351 435 352 434 352 428 351 427 351 425 349 423 349 422 346 419 345 419 343 417 342 417 341 416 339 416 338 415
0 619 415 618 416 616 416 615 417 614 417 609 422 609 423 608 424 608 426 607 427 607 434 608 435 608 436 609 437 609 438 615 444 617 444 618 445 620 445 621 446 623 446 624 447 627 447 628 446 630 446 631 445 633 445 635 443 637 443 639 441 639 423 634 418 633 418 632 417 630 417 629 416 627 416 626 415
0 279 316 278 317 276 317 275 318 274 318 272 320 271 320 268 323 268 324 267 325 267 326 266 327 266 330 265 331 265 335 266 336 266 339 268 341 268 342 269 343 269 344 272 347 273 347 275 349 277 349 278 350 282 350 283 351 286 351 287 350 289 350 290 349 292 349 294 347 295 347 297 345 297 344 299 342 299 341 300 340 300 337 301 336 301 328 300 327 300 325 299 324 299 323 295 319 294 319 293 318 292 318 291 317 289 317 288 316
0 491 402 490 403 488 403 486 405 485 405 484 406 483 406 480 409 480 414 479 415 479 429 482 432 483 432 485 434 487 434 488 435 490 435 491 434 493 434 496 431 496 429 498 427 498 426 503 421 503 420 505 418 505 417 506 416 506 415 507 414 507 410 506 409 506 408 505 407 505 406 503 404 501 404 500 403 496 403 495 402
0 434 428 433 429 431 429 430 430 429 430 428 431 427 431 422 436 422 437 421 438 421 439 420 440 420 451 421 452 421 453 422 454 422 455 424 457 425 457 427 459 428 459 429 460 431 460 432 461 434 461 435 462 443 462 444 461 446 461 447 460 449 460 450 459 451 459 453 457 453 456 455 454 455 453 456 452 456 450 457 449 457 441 456 440 456 438 454 436 454 435 450 431 449 431 447 429 445 429 444 428
0 281 247 280 248 278 248 277 249 276 249 275 250 274 250 269 255 269 256 268 257 268 259 267 260 267 268 268 269 268 271 269 272 269 273 270 274 270 275 272 277 273 277 275 279 276 279 277 280 279 280 280 281 289 281 290 280 292 280 294 278 295 278 298 275 298 274 300 272 300 270 301 269 301 259 300 258 300 256 299 255 299 254 293 248 291 248 290 247
0 403 393 402 394 400 394 399 395 398 395 396 397 395 397 392 400 392 401 391 402 391 403 390 404 390 407 389 408 389 413 390 414 390 416 391 417 391 419 393 421 393 422 397 426 398 426 400 428 402 428 403 429 405 429 406 430 414 430 415 429 417 429 418 428 419 428 420 427 421 427 422 426 423 426 425 424 425 423 427 421 427 419 428 418 428 412 427 411 427 409 426 408 426 407 425 406 425 405 424 404 424 403 423 402 423 401 419 397 418 397 416 395 415 395 414 394 412 394 411 393
0 473 362 472 363 470 363 469 364 468 364 464 368 464 369 462 371 462 373 461 374 461 382 462 383 462 384 463 385 463 387 464 388 464 389 470 395 472 395 473 396 479 396 480 395 482 395 483 394 484 394 485 393 486 393 488 391 488 390 490 388 490 387 491 386 491 384 492 383 492 374 491 373 491 370 490 369 490 368 486 364 485 364 484 363 482 363 481 362
0 385 311 384 312 381 312 380 313 378 313 377 314 375 314 372 317 371 317 369 319 369 320 368 321 368 323 367 324 367 332 368 333 368 335 369 336 369 337 373 341 374 341 375 342 376 342 377 343 379 343 380 344 388 344 389 343 391 343 392 342 393 342 394 341 395 341 400 336 400 335 401 334 401 332 402 331 402 324 401 323 401 321 399 319 399 318 395 314 394 314 393 313 391 313 390 312 387 312 386 311
0 412 266 411 267 409 267 408 268 407 268 401 274 401 275 400 276 400 278 399 279 399 290 400 291 400 294 402 296 402 297 405 300 406 300 407 301 408 301 410 303 412 303 413 304 420 304 421 303 423 303 424 302 426 302 431 297 431 296 433 294 433 292 434 291 434 278 433 277 433 276 432 275 432 274 426 268 425 268 424 267 422 267 421 266
0 371 430 370 431 368 431 362 437 362 438 361 439 361 440 360 441 360 453 361 454 361 455 362 456 362 457 369 464 370 464 371 465 373 465 374 466 381 466 382 465 384 465 385 464 386 464 388 462 389 462 392 459 392 458 394 456 394 453 395 452 395 444 394 443 394 442 393 441 393 440 392 439 392 438 387 433 386 433 385 432 384 432 383 431 381 431 380 430
0 620 358 619 359 617 359 616 360 615 360 614 361 613 361 611 363 611 364 609 366 609 367 608 368 608 378 609 379 609 381 611 383 611 384 614 387 615 387 617 389 618 389 619 390 621 390 622 391 630 391 631 390 633 390 634 389 635 389 639 385 639 364 636 361 635 361 634 360 632 360 631 359 629 359 628 358
0 325 447 324 448 322 448 321 449 320 449 319 450 318 450 312 456 312 458 311 459 311 465 312 466 312 468 313 469 313 470 314 471 314 472 318 476 319 476 320 477 321 477 322 478 324 478 325 479 332 479 333 478 335 478 336 477 337 477 338 476 339 476 340 475 341 475 344 472 345 472 346 471 348 471 349 470 350 470 351 469 352 469 355 466 355 465 356 464 356 458 355 457 355 456 353 454 353 453 351 451 350 451 349 450 347 450 346 449 335 449 334 448 330 448 329 447
0 519 305 518 306 516 306 515 307 513 307 511 309 510 309 508 311 508 312 506 314 506 316 505 317 505 318 504 319 504 328 505 329 505 331 506 332 506 333 507 334 507 335 512 340 513 340 514 341 515 341 516 342 518 342 519 343 525 343 526 342 528 342 529 341 530 341 531 340 532 340 535 337 535 336 536 335 536 334 538 332 538 323 537 322 537 316 536 315 536 313 530 307 529 307 528 306 526 306 525 305
0 576 425 575 426 573 426 572 427 571 427 569 429 569 432 568 433 567 433 566 434 565 434 563 436 563 448 564 449 564 450 569 455 570 455 572 457 574 457 575 458 583 458 584 457 586 457 588 455 589 455 594 450 594 449 595 448 595 447 596 446 596 436 595 435 595 434 594 433 594 432 589 427 588 427 587 426 585 426 584 425
0 193 452 192 453 190 453 188 455 187 455 180 462 180 463 179 464 179 474 180 475 180 477 181 478 181 479 210 479 212 477 212 476 213 475 213 463 212 462 212 461 211 460 211 459 207 455 206 455 205 454 204 454 203 453 201 453 200 452
0 233 256 232 257 230 257 227 260 226 260 223 263 223 264 222 265 222 266 220 268 220 280 221 281 221 282 222 283 222 284 223 285 223 286 227 290 228 290 230 292 231 292 232 293 234 293 235 294 247 294 248 293 250 293 252 291 253 291 257 287 257 286 258 285 258 284 259 283 259 282 260 281 260 270 259 269 259 267 257 265 257 264 252 259 251 259 250 258 249 258 248 257 246 257 245 256
0 267 438 266 439 264 439 263 440 261 440 259 442 258 442 254 446 254 447 253 448 253 450 252 451 252 452 251 453 251 461 252 462 252 463 253 464 253 465 254 466 254 467 255 468 255 469 257 471 258 471 260 473 261 473 262 474 264 474 265 475 267 475 268 476 276 476 277 475 279 475 280 474 282 474 283 473 284 473 289 468 289 467 290 466 290 465 291 464 291 463 292 462 292 453 291 452 291 450 289 448 289 447 282 440 281 440 280 439 278 439 277 438
0 231 427 230 428 228 428 227 429 226 429 223 432 223 433 220 436 220 438 219 439 219 447 220 448 220 450 224 454 225 454 227 456 229 456 230 457 237 457 238 456 240 456 241 455 242 455 247 450 247 448 248 447 248 446 249 445 249 437 248 436 248 435 247 434 247 433 243 429 242 429 241 428 239 428 238 427
0 138 287 137 288 135 288 133 290 132 290 131 291 130 291 128 293 128 294 126 296 126 297 125 298 125 299 124 300 124 304 125 305 125 306 127 308 127 309 128 310 128 311 132 315 133 315 135 317 137 317 138 318 141 318 142 319 147 319 148 318 150 318 151 317 152 317 154 315 155 315 157 313 157 312 159 310 159 309 160 308 160 306 161 305 161 298 160 297 160 296 159 295 159 294 155 290 154 290 153 289 152 289 151 288 149 288 148 287
0 184 362 183 363 181 363 180 364 179 364 174 369 174 370 173 371 173 381 174 382 174 383 175 384 175 385 179 389 180 389 181 390 183 390 184 391 191 391 192 390 194 390 195 389 196 389 201 384 201 382 202 381 202 372 201 371 201 370 200 369 200 368 197 365 196 365 194 363 192 363 191 362
0 315 226 314 227 312 227 311 228 309 228 305 232 305 233 304 234 304 246 305 247 305 248 308 251 309 251 311 253 313 253 314 254 318 254 319 255 320 254 322 254 323 253 325 253 327 251 328 251 331 248 331 246 332 245 332 239 331 238 331 235 330 234 330 233 326 229 325 229 324 228 323 228 322 227 320 227 319 226
0 272 356 271 357 269 357 268 358 267 358 261 364 261 365 260 366 260 367 259 368 259 380 260 381 260 382 261 383 261 384 266 389 267 389 269 391 271 391 272 392 280 392 281 391 283 391 284 390 286 390 294 382 294 380 295 379 295 368 294 367 294 366 292 364 292 363 288 359 287 359 286 358 284 358 283 357 279 357 278 356
0 157 249 156 250 154 250 153 251 152 251 147 256 147 269 148 270 148 272 149 273 149 274 154 279 155 279 156 280 157 280 159 282 160 282 161 283 163 283 164 284 167 284 168 283 170 283 172 281 172 276 171 275 171 274 170 273 170 272 169 271 169 265 170 264 170 263 171 262 171 261 172 260 172 259 173 258 173 254 171 252 170 252 169 251 167 251 166 250 162 250 161 249
0 234 341 233 342 231 342 230 343 229 343 225 347 225 348 224 349 224 352 223 353 223 359 224 360 224 363 225 364 225 365 226 366 226 367 231 372 232 372 233 373 234 373 235 374 237 374 238 375 241 375 242 374 245 374 246 373 248 373 253 368 253 367 254 366 254 365 255 364 255 352 254 351 254 349 249 344 248 344 247 343 246 343 245 342 243 342 242 341
0 512 422 511 423 509 423 507 425 506 425 501 430 501 431 499 433 499 434 497 436 497 441 499 443 499 444 500 445 500 447 508 455 509 455 510 456 512 456 513 457 519 457 520 456 522 456 523 455 524 455 530 449 530 448 531 447 531 446 532 445 532 441 533 440 533 435 532 434 532 433 531 432 531 431 530 430 530 429 524 423 522 423 521 422
0 600 319 599 320 597 320 595 322 594 322 590 326 590 327 589 328 589 337 590 338 590 339 591 340 591 341 592 342 592 343 593 344 593 345 597 349 598 349 599 350 600 350 601 351 602 351 603 352 605 352 606 353 607 353 608 352 611 352 612 351 614 351 615 350 616 350 617 349 618 349 620 347 620 346 621 345 621 343 622 342 622 336 621 335 621 333 620 332 620 331 619 330 619 329 615 325 615 324 612 321 611 321 610 320 608 320 607 319
1 420 0 419 2 418 4 418 7 419 11 420 14 421 16 425 20 428 22 431 23 434 24 439 24 442 23 446 21 448 19 452 14 453 12 454 10 455 7 455 2 454 0
1 22 218 19 219 17 220 12 225 10 228 9 232 8 237 8 241 9 245 10 247 12 250 16 253 18 254 23 255 28 255 32 254 35 253 39 249 42 245 43 243 43 239 42 231 41 229 40 227 34 221 31 219 29 218
1 97 293 94 294 92 295 86 301 85 303 84 305 84 309 83 310 83 313 84 317 85 319 86 321 92 327 94 328 96 329 109 329 113 328 115 327 117 325 118 323 119 321 120 318 120 305 119 303 116 300 116 299 114 297 111 295 109 294 105 293
1 127 322 122 324 119 325 113 331 112 335 111 341 111 343 112 346 113 348 118 353 120 354 122 355 125 356 134 356 137 355 143 352 146 349 148 346 149 344 150 341 150 336 149 333 148 331 147 329 144 326 142 325 134 322
1 548 184 545 185 543 186 540 188 535 193 532 199 531 202 531 206 538 214 539 215 541 216 543 217 557 217 563 214 566 211 567 209 568 207 569 201 569 199 568 196 567 193 563 188 559 185 556 184
0 7 0 5 2 4 2 3 3 0 7 0 21 2 24 5 27 8 28 13 29 17 29 19 28 21 27 26 24 29 21 30 19 31 17 31 10 30 8 28 5 25 2 23 2 21 0
1 530 0 530 6 531 8 533 11 536 13 539 15 541 16 543 17 553 17 557 14 560 10 561 8 562 6 562 0
1 635 229 632 230 629 231 627 232 624 234 622 236 619 242 619 245 618 246 618 248 619 249 619 252 620 254 621 256 623 259 627 262 629 263 632 264 639 264 639 229
1 634 304 630 305 628 306 626 307 622 311 621 313 620 315 619 319 619 323 620 328 622 330 622 332 624 334 630 337 634 338 639 338 639 305 637 304
1 639 449 637 450 630 454 627 454 625 455 623 456 621 461 621 469 622 475 623 476 623 478 625 479 639 479
1 2 117 0 118 0 152 2 152 3 153 6 153 7 152 11 152 13 151 15 150 18 148 23 143 24 141 24 137 25 136 25 133 24 132 24 128 22 125 16 119 14 118 10 117
1 0 157 0 194 4 194 7 193 9 192 12 189 13 189 15 187 17 184 18 182 19 179 20 174 19 170 18 168 17 166 14 162 9 158 6 157
1 4 388 0 390 0 418 2 419 10 419 14 418 16 417 19 414 19 409 17 406 17 403 19 399 19 395 18 393 15 390 13 389 11 388
1 0 240 0 268 3 267 6 265 8 263 9 261 10 258 10 248 9 246 7 243 4 241 2 240
1 432 468 428 469 424 471 422 472 421 473 421 474 419 476 418 478 450 479 450 477 449 475 445 471 443 470 441 469 437 468
1 474 469 471 470 469 471 463 477 463 479 494 479 493 476 489 472 487 471 485 470 482 469
1 0 463 0 479 16 478 16 476 15 473 14 471 12 469 12 468 11 467 10 467 8 465 5 464