0 479 145 478 146 476 146 475 147 473 147 471 149 470 149 466 153 466 154 465 155 465 156 464 157 464 171 465 172 465 173 466 174 466 175 470 179 471 179 472 180 474 180 475 181 482 181 483 180 485 180 486 179 487 179 490 176 491 176 493 174 493 173 494 172 494 171 495 170 495 169 496 168 496 165 497 164 497 157 496 156 496 154 495 153 495 152 494 151 494 150 491 147 489 147 488 146 484 146 483 145
0 509 52 508 53 506 53 501 58 501 59 500 60 500 61 499 62 499 73 500 74 500 79 501 80 501 81 502 82 502 83 504 85 504 86 509 91 510 91 511 92 512 92 513 93 515 93 516 94 522 94 523 93 525 93 530 88 530 87 531 86 531 84 532 83 532 72 531 71 531 69 530 68 530 66 529 65 529 64 528 63 528 62 527 61 527 60 522 55 521 55 519 53 517 53 516 52
0 587 153 586 154 584 154 583 155 582 155 578 159 577 159 575 161 575 162 573 164 573 165 572 166 572 168 571 169 571 179 572 180 572 181 573 182 573 183 574 184 574 185 577 188 578 188 579 189 581 189 582 190 588 190 589 191 593 191 594 190 596 190 597 189 598 189 601 186 602 186 605 183 605 182 606 181 606 179 607 178 607 177 608 176 608 174 609 173 609 163 608 162 608 161 607 160 607 159 604 156 603 156 602 155 601 155 600 154 598 154 597 153
0 422 177 421 178 419 178 418 179 416 179 415 180 414 180 408 186 408 187 407 188 407 189 406 190 406 193 405 194 405 199 406 200 406 202 407 203 407 204 408 205 408 206 410 208 410 209 414 213 415 213 416 214 418 214 419 215 421 215 422 216 431 216 432 215 434 215 435 214 436 214 437 213 438 213 443 208 443 207 444 206 444 202 445 201 445 192 444 191 444 189 443 188 443 187 438 182 437 182 435 180 434 180 433 179 432 179 431 178 429 178 428 177
0 373 165 372 166 370 166 369 167 367 167 366 168 365 168 364 169 363 169 361 171 361 172 359 174 359 175 358 176 358 177 357 178 357 190 358 191 358 193 366 201 367 201 368 202 370 202 371 203 376 203 377 204 378 203 382 203 383 202 385 202 386 201 387 201 392 196 392 195 393 194 393 193 394 192 394 191 395 190 395 187 396 186 396 182 395 181 395 179 394 178 394 176 392 174 392 173 387 168 386 168 385 167 384 167 383 166 381 166 380 165
0 353 0 347 6 347 7 345 9 345 10 344 11 344 12 343 13 343 22 344 23 344 25 345 26 345 28 349 32 350 32 351 33 353 33 354 34 357 34 358 35 359 34 363 34 364 33 366 33 367 32 368 32 369 31 370 31 381 20 381 19 382 18 382 15 383 14 383 7 382 6 382 4 380 2 380 1 379 0
0 562 113 561 114 559 114 558 115 557 115 551 121 551 122 550 123 550 124 549 125 549 126 548 127 548 141 549 142 549 143 550 144 550 146 554 150 555 150 557 152 559 152 560 153 562 153 563 154 570 154 571 153 574 153 575 152 577 152 581 148 581 147 582 146 582 145 583 144 583 143 584 142 584 140 585 139 585 128 584 127 584 123 583 122 583 120 577 114 575 114 574 113
0 460 0 457 3 457 4 456 5 456 15 457 16 457 18 458 19 458 21 465 28 466 28 467 29 468 29 469 30 470 30 471 31 473 31 474 32 479 32 480 33 484 33 485 32 487 32 488 31 490 31 493 28 493 27 494 26 494 24 495 23 495 14 494 13 494 11 493 10 493 8 492 7 492 6 487 1 486 1 485 0
0 310 21 309 22 305 22 304 23 302 23 301 24 300 24 299 25 298 25 295 28 295 29 293 31 293 33 292 34 292 41 293 42 293 44 294 45 294 46 300 52 301 52 302 53 304 53 305 54 307 54 308 55 312 55 313 54 316 54 317 53 319 53 321 51 322 51 324 49 324 48 326 46 326 45 327 44 327 42 328 41 328 34 327 33 327 31 326 30 326 29 321 24 320 24 319 23 317 23 316 22 312 22 311 21
0 403 3 402 4 400 4 399 5 398 5 396 7 395 7 391 11 391 12 389 14 389 24 391 26 391 27 394 30 395 30 396 31 397 31 398 32 400 32 401 33 403 33 404 34 414 34 415 33 417 33 418 32 419 32 420 31 421 31 426 26 426 25 427 24 427 22 428 21 428 14 427 13 427 12 422 7 421 7 420 6 419 6 418 5 416 5 415 4 413 4 412 3
0 559 58 558 59 554 59 553 60 551 60 550 61 549 61 548 62 547 62 542 67 542 69 541 70 541 72 540 73 540 83 541 84 541 86 543 88 543 89 547 93 548 93 549 94 551 94 552 95 554 95 555 96 558 96 559 95 561 95 562 94 564 94 565 93 567 93 568 92 569 92 576 85 576 83 577 82 577 70 576 69 576 67 575 66 575 65 571 61 570 61 569 60 567 60 566 59 564 59 563 58
0 304 163 303 164 301 164 300 165 299 165 298 166 297 166 295 168 295 169 293 171 293 172 292 173 292 177 291 178 291 184 292 185 292 188 293 189 293 190 294 191 294 192 297 195 298 195 300 197 302 197 303 198 306 198 307 199 318 199 319 198 321 198 322 197 323 197 327 193 327 192 329 190 329 189 330 188 330 175 329 174 329 173 323 167 322 167 320 165 318 165 317 164 314 164 313 163
0 199 18 198 19 195 19 194 20 192 20 188 24 188 34 189 35 189 36 190 37 190 38 194 42 195 42 198 45 199 45 200 46 202 46 203 47 211 47 212 46 216 46 217 45 219 45 220 44 222 44 224 42 224 40 225 39 225 34 224 33 224 32 223 31 223 30 222 29 222 27 217 22 216 22 215 21 214 21 213 20 212 20 211 19 209 19 208 18
0 37 118 36 119 34 119 33 120 32 120 28 124 28 125 27 126 27 131 29 133 31 133 33 135 33 136 34 137 34 139 35 140 35 142 38 145 39 145 40 146 42 146 43 147 44 147 45 146 47 146 48 145 50 145 51 144 52 144 54 142 55 142 57 140 57 139 58 138 58 131 57 130 57 129 56 128 56 127 55 126 55 125 50 120 48 120 47 119 45 119 44 118
0 267 402 266 403 264 403 263 404 261 404 260 405 259 405 258 406 257 406 254 409 254 410 251 413 251 414 250 415 250 419 249 420 249 425 250 426 250 429 251 430 251 431 252 432 252 433 254 435 254 436 257 439 258 439 259 440 260 440 261 441 263 441 264 442 266 442 267 443 274 443 275 442 277 442 278 441 279 441 284 436 284 435 285 434 285 433 286 432 286 429 287 428 287 416 286 415 286 413 284 411 284 410 282 408 281 408 277 404 276 404 275 403 273 403 272 402
0 73 355 72 356 67 356 66 357 64 357 63 358 61 358 60 359 59 359 54 364 54 365 52 367 52 368 51 369 51 371 50 372 50 378 51 379 51 382 52 383 52 384 58 390 59 390 60 391 61 391 62 392 64 392 65 393 71 393 72 392 74 392 75 391 77 391 78 390 79 390 80 389 81 389 88 382 88 381 90 379 90 377 91 376 91 366 90 365 90 363 89 362 89 361 87 359 86 359 84 357 82 357 81 356 79 356 78 355
0 271 225 270 226 268 226 263 231 263 232 262 233 262 234 260 236 260 237 259 238 259 240 257 242 257 244 256 245 256 259 257 260 257 261 263 267 264 267 265 268 266 268 267 269 269 269 270 270 276 270 277 269 279 269 280 268 282 268 283 267 284 267 286 265 287 265 289 263 289 262 290 261 290 260 291 259 291 257 292 256 292 247 291 246 291 244 290 243 290 242 289 241 289 240 286 237 286 236 283 233 283 232 282 231 282 230 278 226 276 226 275 225
0 42 448 41 449 39 449 38 450 37 450 35 452 35 453 34 454 34 455 32 457 32 458 31 459 31 460 30 461 30 467 31 468 31 470 33 472 33 473 38 478 39 478 40 479 58 479 61 476 61 475 62 474 62 472 63 471 63 463 62 462 62 461 61 460 61 459 60 458 60 457 53 450 52 450 51 449 49 449 48 448
0 190 199 189 200 187 200 186 201 185 201 183 203 182 203 178 207 178 208 177 209 177 210 176 211 176 222 178 224 178 225 183 230 184 230 186 232 187 232 188 233 190 233 191 234 196 234 197 233 200 233 201 232 203 232 207 228 207 227 209 225 209 224 210 223 210 222 211 221 211 208 210 207 210 206 209 205 209 204 207 202 206 202 205 201 203 201 202 200 200 200 199 199
0 72 317 71 318 69 318 68 319 67 319 66 320 65 320 63 322 62 322 59 325 59 326 58 327 58 328 57 329 57 336 58 337 58 339 63 344 64 344 65 345 66 345 67 346 69 346 70 347 72 347 73 348 85 348 86 347 89 347 90 346 92 346 94 344 95 344 100 339 100 338 101 337 101 329 100 328 100 327 99 326 99 325 95 321 94 321 93 320 92 320 91 319 89 319 88 318 85 318 84 317
0 300 98 299 99 295 99 294 100 292 100 291 101 290 101 285 106 285 107 284 108 284 110 283 111 283 119 284 120 284 122 285 123 285 124 290 129 291 129 292 130 293 130 294 131 296 131 297 132 300 132 301 133 306 133 307 132 311 132 312 131 314 131 315 130 316 130 317 129 318 129 319 128 320 128 326 122 326 121 327 120 327 110 326 109 326 108 321 103 320 103 319 102 318 102 317 101 316 101 315 100 313 100 312 99 308 99 307 98
0 472 64 471 65 469 65 467 67 466 67 465 68 464 68 461 71 461 72 459 74 459 75 457 77 457 90 459 92 459 93 462 96 463 96 464 97 465 97 466 98 468 98 469 99 480 99 481 98 483 98 484 97 485 97 487 95 488 95 491 92 491 91 492 90 492 89 493 88 493 79 492 78 492 75 491 74 491 72 490 71 490 70 486 66 485 66 484 65 482 65 481 64
0 497 0 494 3 494 8 495 9 495 11 496 12 496 18 497 19 496 20 496 25 495 26 495 33 497 35 499 35 500 36 504 36 505 37 507 37 508 36 512 36 513 35 515 35 516 34 517 34 519 32 520 32 522 30 522 29 524 27 524 25 525 24 525 15 524 14 524 13 523 12 523 11 520 8 520 7 517 4 516 4 514 2 513 2 512 1 510 1 509 0
0 388 60 387 61 385 61 384 62 383 62 382 63 381 63 378 66 378 67 376 69 376 70 375 71 375 72 374 73 374 84 375 85 375 86 376 87 376 88 382 94 384 94 385 95 387 95 388 96 394 96 395 95 397 95 398 94 399 94 401 92 402 92 407 87 407 86 408 85 408 84 409 83 409 82 410 81 410 71 409 70 409 68 403 62 401 62 400 61 398 61 397 60
0 601 107 600 108 598 108 592 114 592 115 591 116 591 120 590 121 590 125 591 126 591 129 592 130 592 133 593 134 593 135 594 136 594 137 595 138 595 139 599 143 600 143 602 145 603 145 604 146 605 146 606 147 608 147 609 148 611 148 612 147 615 147 616 146 618 146 624 140 624 138 625 137 625 127 624 126 624 122 623 121 623 119 621 117 621 116 615 110 614 110 613 109 611 109 610 108 608 108 607 107
0 435 39 434 40 430 40 429 41 427 41 425 43 424 43 420 47 420 48 419 49 419 51 418 52 418 54 417 55 417 62 418 63 418 67 419 68 419 69 421 71 421 72 426 77 427 77 428 78 430 78 431 79 443 79 444 78 446 78 452 72 452 71 453 70 453 68 454 67 454 66 455 65 455 56 454 55 454 54 453 53 453 51 452 50 452 49 451 48 451 47 447 43 446 43 445 42 444 42 443 41 441 41 440 40 438 40 437 39
0 431 86 430 87 428 87 426 89 425 89 423 91 423 92 421 94 421 95 420 96 420 106 421 107 421 109 422 110 422 112 424 114 424 115 432 123 433 123 434 124 435 124 436 125 438 125 439 126 448 126 449 125 451 125 457 119 457 117 458 116 458 113 459 112 459 104 458 103 458 102 457 101 457 100 454 97 454 96 448 90 447 90 446 89 444 89 443 88 441 88 440 87 438 87 437 86
0 244 74 243 75 241 75 239 77 238 77 235 80 235 81 231 85 231 86 230 87 230 88 229 89 229 90 228 91 228 92 227 93 227 103 228 104 228 105 229 106 229 107 233 111 234 111 235 112 236 112 237 113 239 113 240 114 251 114 252 113 254 113 255 112 257 112 259 110 260 110 265 105 265 104 267 102 267 98 268 97 268 91 267 90 267 87 265 85 265 84 261 80 260 80 258 78 257 78 256 77 255 77 254 76 253 76 252 75 250 75 249 74
0 628 407 627 408 625 408 624 409 623 409 622 410 621 410 620 411 619 411 616 414 616 415 615 416 615 417 614 418 614 420 613 421 613 430 614 431 614 433 615 434 615 435 617 437 617 438 620 441 621 441 623 443 624 443 625 444 626 444 627 445 629 445 630 446 633 446 634 447 639 447 639 407
0 167 427 166 428 164 428 163 429 162 429 158 433 158 434 156 436 156 437 155 438 155 441 153 443 153 445 152 446 152 456 153 457 153 459 154 460 154 461 155 462 155 463 157 465 158 465 159 466 161 466 162 467 170 467 171 466 173 466 174 465 175 465 178 462 179 462 184 457 184 456 186 454 186 452 187 451 187 444 186 443 186 440 185 439 185 437 184 436 184 435 177 428 175 428 174 427
0 223 151 222 152 220 152 219 153 217 153 213 157 213 158 212 159 212 168 213 169 213 170 215 172 215 173 219 177 220 177 221 178 222 178 223 179 224 179 225 180 226 180 227 181 229 181 230 182 232 182 233 183 237 183 238 184 240 184 241 183 243 183 244 182 245 182 246 181 247 181 249 179 249 178 250 177 250 171 251 170 251 165 250 164 250 162 244 156 243 156 242 155 241 155 240 154 239 154 238 153 236 153 235 152 232 152 231 151
0 264 138 263 139 261 139 260 140 258 140 257 141 256 141 252 145 252 153 254 155 254 156 255 157 255 158 260 163 262 163 263 164 277 164 278 163 280 163 284 159 284 151 283 150 283 148 282 147 282 146 280 144 280 143 277 140 275 140 274 139 272 139 271 138
0 296 371 295 372 293 372 292 373 291 373 290 374 289 374 283 380 283 381 281 383 281 384 280 385 280 386 279 387 279 393 280 394 280 397 281 398 281 399 286 404 287 404 289 406 291 406 292 407 306 407 307 406 309 406 311 404 312 404 313 403 314 403 317 400 317 399 318 398 318 397 319 396 319 394 320 393 320 386 319 385 319 383 318 382 318 381 316 379 316 378 312 374 311 374 310 373 309 373 308 372 306 372 305 371
0 267 346 266 347 264 347 261 350 260 350 257 353 257 358 256 359 256 366 257 367 257 368 263 374 264 374 265 375 267 375 268 376 270 376 271 377 275 377 276 376 278 376 281 373 282 373 284 371 284 369 286 367 286 365 287 364 287 360 286 359 286 354 285 353 285 352 281 348 279 348 278 347 276 347 275 346
0 5 399 4 400 2 400 1 401 0 401 0 439 8 439 9 438 11 438 12 437 15 437 16 436 18 436 20 434 21 434 22 433 23 433 25 431 25 429 26 428 26 427 28 425 28 423 29 422 29 415 28 414 28 411 26 409 26 408 23 405 22 405 20 403 19 403 18 402 16 402 15 401 14 401 13 400 11 400 10 399
0 344 207 343 208 341 208 340 209 338 209 337 210 336 210 335 211 334 211 329 216 329 219 328 220 328 228 329 229 329 232 330 233 330 235 336 241 338 241 339 242 341 242 342 243 349 243 350 242 352 242 353 241 355 241 356 240 357 240 364 233 364 229 365 228 365 220 364 219 364 217 363 216 363 215 357 209 356 209 355 208 353 208 352 207
0 296 203 295 204 293 204 286 211 286 213 285 214 285 224 286 225 286 227 288 229 288 230 290 232 290 233 297 240 298 240 299 241 301 241 302 242 311 242 312 241 314 241 316 239 317 239 319 237 319 236 321 234 321 233 323 231 323 230 324 229 324 217 323 216 323 215 322 214 322 213 320 211 320 210 316 206 314 206 313 205 311 205 310 204 304 204 303 203
0 216 54 215 55 207 55 206 56 204 56 202 58 202 59 199 62 199 63 198 64 198 66 197 67 197 72 198 73 198 75 200 77 200 78 205 83 207 83 208 84 209 84 210 85 212 85 213 86 217 86 218 85 220 85 221 84 222 84 223 83 225 83 228 80 228 79 230 77 230 76 231 75 231 66 229 64 229 63 228 62 228 60 225 57 224 57 223 56 221 56 220 55 218 55 217 54
0 131 7 130 8 127 8 126 9 124 9 123 10 122 10 120 12 119 12 116 15 116 16 115 17 115 18 114 19 114 21 113 22 113 32 114 33 114 34 116 36 116 37 121 42 122 42 124 44 126 44 127 45 130 45 131 46 132 45 138 45 139 44 141 44 142 43 144 43 145 42 146 42 153 35 153 34 154 33 154 31 155 30 155 22 154 21 154 19 153 18 153 17 152 16 152 15 149 12 148 12 146 10 145 10 144 9 142 9 141 8 139 8 138 7
0 138 132 137 133 135 133 134 134 133 134 132 135 131 135 129 137 128 137 126 139 126 140 125 141 125 143 124 144 124 151 125 152 125 154 126 155 126 157 128 159 128 160 132 164 134 164 135 165 137 165 138 166 140 166 141 167 146 167 147 168 148 168 149 167 153 167 154 166 156 166 157 165 158 165 159 164 160 164 162 162 162 161 164 159 164 156 165 155 165 150 164 149 164 146 163 145 163 144 161 142 161 141 156 136 155 136 154 135 153 135 152 134 150 134 149 133 146 133 145 132
0 631 329 630 330 624 330 623 331 621 331 620 332 619 332 615 336 615 337 614 338 614 352 615 353 615 355 620 360 622 360 623 361 626 361 627 362 629 362 630 361 637 361 638 360 639 360 639 331 638 330 634 330 633 329
0 273 39 272 40 268 40 267 41 265 41 263 43 262 43 261 44 260 44 256 48 256 49 255 50 255 51 254 52 254 54 253 55 253 64 254 65 254 66 255 67 255 68 256 69 256 70 258 72 259 72 260 73 262 73 263 74 267 74 268 75 273 75 274 74 277 74 278 73 280 73 281 72 282 72 283 71 284 71 287 68 287 67 289 65 289 64 290 63 290 60 291 59 291 53 290 52 290 48 289 47 289 46 287 44 286 44 283 41 281 41 280 40 275 40 274 39
0 115 69 114 70 112 70 111 71 110 71 104 77 104 78 103 79 103 81 102 82 102 88 103 89 103 92 104 93 104 95 105 96 105 97 107 99 108 99 111 102 112 102 113 103 114 103 115 104 117 104 118 105 127 105 128 104 130 104 131 103 132 103 135 100 135 99 137 97 137 96 138 95 138 92 139 91 139 83 138 82 138 80 137 79 137 78 136 77 136 76 131 71 130 71 129 70 127 70 126 69
0 60 10 59 11 57 11 56 12 55 12 49 18 49 19 48 20 48 23 47 24 47 30 48 31 48 35 49 36 49 37 54 42 55 42 56 43 57 43 58 44 60 44 61 45 69 45 70 44 72 44 75 41 76 41 79 38 79 37 80 36 80 34 81 33 81 24 80 23 80 21 79 20 79 19 72 12 71 12 70 11 68 11 67 10
0 165 72 164 73 162 73 161 74 160 74 155 79 155 80 153 82 153 83 152 84 152 99 153 100 153 101 155 103 155 104 161 110 163 110 164 111 167 111 168 110 170 110 171 109 173 109 174 108 175 108 176 107 177 107 182 102 182 101 183 100 183 99 185 97 185 94 186 93 186 84 185 83 185 82 184 81 184 80 182 78 182 77 179 74 178 74 177 73 175 73 174 72
0 412 331 411 332 408 332 407 333 405 333 398 340 398 341 397 342 397 344 396 345 396 352 397 353 397 356 398 357 398 358 399 359 399 360 404 365 405 365 406 366 408 366 409 367 412 367 413 368 418 368 419 367 421 367 422 366 423 366 424 365 425 365 427 363 427 362 429 360 429 359 430 358 430 356 431 355 431 353 432 352 432 345 431 344 431 341 430 340 430 339 426 335 425 335 423 333 421 333 420 332 418 332 417 331
0 79 149 78 150 76 150 75 151 74 151 73 152 72 152 71 153 70 153 66 157 66 158 65 159 65 162 64 163 64 171 65 172 65 173 66 174 66 175 72 181 73 181 74 182 76 182 77 183 87 183 88 182 90 182 92 180 93 180 95 178 96 178 99 175 99 174 100 173 100 172 101 171 101 160 100 159 100 158 98 156 98 155 96 153 95 153 93 151 91 151 90 150 88 150 87 149
0 15 53 14 54 12 54 7 59 7 60 6 61 6 70 7 71 7 74 8 75 8 77 10 79 10 80 18 88 19 88 20 89 22 89 23 90 30 90 31 89 33 89 38 84 38 82 39 81 39 73 38 72 38 71 37 70 37 69 36 68 36 66 34 64 34 63 27 56 26 56 25 55 24 55 23 54 21 54 20 53
0 368 250 367 251 363 251 362 252 360 252 359 253 358 253 354 257 354 258 353 259 353 262 352 263 352 269 353 270 353 273 354 274 354 276 355 277 355 278 359 282 360 282 361 283 363 283 364 284 370 284 371 283 373 283 374 282 375 282 376 281 378 281 384 275 384 273 385 272 385 261 383 259 383 258 382 257 382 256 378 252 377 252 376 251 374 251 373 250
0 498 248 497 249 495 249 494 250 493 250 485 258 485 260 484 261 484 263 483 264 483 271 484 272 484 273 486 275 486 276 488 278 488 279 490 281 492 281 493 282 495 282 496 283 498 283 499 284 507 284 508 283 510 283 511 282 512 282 513 281 514 281 520 275 520 274 521 273 521 272 522 271 522 263 521 262 521 260 520 259 520 258 519 257 519 256 518 255 518 254 515 251 514 251 513 250 512 250 511 249 509 249 508 248
0 579 306 578 307 576 307 575 308 574 308 571 311 570 311 566 315 566 316 565 317 565 318 564 319 564 323 563 324 563 329 564 330 564 333 566 335 566 336 571 341 572 341 573 342 574 342 575 343 577 343 578 344 580 344 581 345 586 345 587 344 589 344 590 343 592 343 593 342 594 342 600 336 600 335 601 334 601 332 602 331 602 327 603 326 603 322 602 321 602 318 600 316 600 315 598 313 598 312 596 310 595 310 593 308 592 308 591 307 589 307 588 306
0 610 264 609 265 606 265 605 266 603 266 598 271 598 272 597 273 597 274 596 275 596 286 597 287 597 288 598 289 598 290 604 296 605 296 606 297 608 297 609 298 617 298 618 297 620 297 621 296 622 296 624 294 624 293 625 292 625 291 626 290 626 289 627 288 627 286 628 285 628 276 627 275 627 273 625 271 625 270 621 266 620 266 619 265 617 265 616 264
0 499 189 498 190 496 190 495 191 493 191 492 192 491 192 485 198 485 199 484 200 484 201 483 202 483 204 482 205 482 208 481 209 481 215 482 216 482 217 483 218 483 219 490 226 492 226 493 227 495 227 496 228 501 228 502 227 505 227 506 226 508 226 509 225 510 225 512 223 513 223 522 214 522 212 523 211 523 210 524 209 524 200 516 192 515 192 514 191 513 191 512 190 510 190 509 189
0 481 379 480 380 478 380 477 381 475 381 472 384 472 385 468 389 468 391 467 392 467 398 468 399 468 400 470 402 471 402 473 404 474 404 476 406 478 406 479 407 488 407 489 406 491 406 492 405 493 405 496 402 496 401 497 400 497 399 498 398 498 388 497 387 497 386 496 385 496 384 494 382 493 382 492 381 491 381 490 380 488 380 487 379
0 456 405 455 406 453 406 452 407 451 407 445 413 445 414 443 416 443 417 442 418 442 419 441 420 441 424 440 425 440 430 441 431 441 435 442 436 442 437 444 439 444 440 449 445 450 445 451 446 453 446 454 447 462 447 463 446 465 446 466 445 468 445 469 444 471 444 472 443 473 443 477 439 477 438 478 437 478 436 479 435 479 434 480 433 480 431 481 430 481 422 480 421 480 419 479 418 479 417 478 416 478 415 474 411 473 411 471 409 470 409 467 406 465 406 464 405
0 468 222 467 223 463 223 462 224 460 224 459 225 458 225 453 230 453 231 452 232 452 234 451 235 451 244 452 245 452 246 453 247 453 248 460 255 462 255 463 256 465 256 466 257 472 257 473 256 475 256 476 255 478 255 479 254 480 254 483 251 483 250 486 247 486 246 487 245 487 234 486 233 486 232 478 224 476 224 475 223 472 223 471 222
0 506 435 505 436 503 436 497 442 496 442 494 444 494 446 493 447 493 456 494 457 494 459 495 460 495 461 501 467 502 467 503 468 505 468 506 469 515 469 516 468 518 468 519 467 520 467 521 466 522 466 525 463 525 462 527 460 527 459 528 458 528 456 529 455 529 451 528 450 528 448 527 447 527 446 526 445 526 444 523 441 523 440 519 436 517 436 516 435
0 558 273 557 274 554 274 553 275 551 275 550 276 549 276 547 278 546 278 541 283 541 284 540 285 540 286 539 287 539 294 540 295 540 296 541 297 541 298 542 299 542 300 545 303 546 303 548 305 549 305 550 306 552 306 553 307 563 307 564 306 566 306 567 305 568 305 570 303 571 303 577 297 577 296 578 295 578 294 579 293 579 284 578 283 578 282 577 281 577 280 573 276 571 276 570 275 568 275 567 274 565 274 564 273
0 369 342 368 343 366 343 365 344 364 344 361 347 360 347 355 352 355 353 354 354 354 356 353 357 353 363 354 364 354 366 355 367 355 368 357 370 357 371 360 374 361 374 362 375 363 375 364 376 366 376 367 377 376 377 377 376 379 376 380 375 382 375 386 371 386 370 388 368 388 367 389 366 389 364 390 363 390 355 389 354 389 352 388 351 388 350 383 345 382 345 380 343 378 343 377 342
0 534 318 533 319 531 319 530 320 529 320 528 321 527 321 523 325 523 326 522 327 522 329 521 330 521 341 522 342 522 344 524 346 524 347 531 354 532 354 533 355 535 355 536 356 545 356 546 355 548 355 549 354 550 354 551 353 552 353 557 348 557 347 558 346 558 344 559 343 559 335 558 334 558 332 557 331 557 329 556 328 556 327 554 325 554 324 552 322 551 322 550 321 549 321 548 320 546 320 545 319 543 319 542 318
0 461 266 460 267 458 267 457 268 455 268 449 274 449 276 448 277 448 293 449 294 449 296 450 297 450 298 451 299 451 300 456 305 458 305 459 306 461 306 462 307 470 307 471 306 473 306 474 305 475 305 476 304 477 304 481 300 481 299 483 297 483 296 484 295 484 285 483 284 483 283 482 282 482 281 481 280 481 279 479 277 479 275 478 274 478 273 477 272 477 271 473 267 471 267 470 266
0 401 227 400 228 398 228 396 230 395 230 387 238 387 240 386 241 386 249 387 250 387 252 388 253 388 254 389 255 389 256 392 259 393 259 395 261 396 261 397 262 399 262 400 263 407 263 408 262 411 262 412 261 414 261 415 260 416 260 421 255 421 254 422 253 422 252 423 251 423 250 424 249 424 238 423 237 423 236 422 235 422 234 418 230 417 230 415 228 413 228 412 227
0 422 438 421 439 419 439 418 440 416 440 409 447 409 449 408 450 408 455 409 456 409 457 410 458 410 459 414 463 415 463 416 464 417 464 418 465 420 465 421 466 423 466 424 467 429 467 430 466 433 466 434 465 436 465 437 464 438 464 442 460 442 459 443 458 443 450 442 449 442 448 435 441 434 441 433 440 432 440 431 439 429 439 428 438
0 309 448 308 449 306 449 305 450 304 450 300 454 300 455 299 456 299 460 298 461 298 467 299 468 299 470 306 477 307 477 308 478 310 478 311 479 332 479 335 476 335 475 336 474 336 464 335 463 335 462 333 460 333 459 331 457 331 456 329 454 328 454 326 452 325 452 324 451 323 451 322 450 321 450 320 449 318 449 317 448
0 575 197 574 198 572 198 571 199 570 199 564 205 564 206 563 207 563 210 562 211 562 216 563 217 563 219 564 220 564 221 568 225 569 225 572 228 573 228 574 229 576 229 577 230 588 230 589 229 591 229 592 228 594 228 599 223 599 221 600 220 600 210 599 209 599 208 598 207 598 206 592 200 591 200 590 199 589 199 588 198 586 198 585 197
0 583 236 582 237 578 237 577 238 575 238 574 239 573 239 572 240 571 240 568 243 568 244 565 247 565 248 564 249 564 261 565 262 565 263 570 268 571 268 572 269 574 269 575 270 584 270 585 269 587 269 588 268 590 268 591 267 592 267 599 260 599 259 600 258 600 256 601 255 601 247 600 246 600 245 594 239 593 239 592 238 590 238 589 237 585 237 584 236
0 327 244 326 245 318 245 317 246 315 246 314 247 313 247 312 248 311 248 306 253 306 255 305 256 305 266 306 267 306 268 312 274 313 274 314 275 316 275 318 277 320 277 321 278 330 278 331 277 335 277 336 276 338 276 339 275 340 275 342 273 342 272 345 269 345 267 346 266 346 264 347 263 347 258 346 257 346 254 339 247 337 247 336 246 334 246 333 245 330 245 329 244
0 368 416 367 417 365 417 364 418 363 418 361 420 360 420 356 424 356 425 355 426 355 427 354 428 354 429 353 430 353 432 352 433 352 440 353 441 353 443 354 444 354 445 355 446 355 447 356 448 356 449 360 453 360 454 364 458 365 458 366 459 368 459 369 460 370 459 374 459 375 458 377 458 378 457 380 457 381 456 383 456 384 455 385 455 391 449 391 446 392 445 392 444 393 443 393 430 392 429 392 428 390 426 390 425 385 420 384 420 383 419 382 419 381 418 379 418 378 417 376 417 375 416
0 418 266 417 267 415 267 414 268 412 268 411 269 409 269 408 270 406 270 404 272 404 273 402 275 402 288 412 298 413 298 414 299 416 299 417 300 421 300 422 301 429 301 430 300 432 300 433 299 434 299 440 293 440 292 441 291 441 290 442 289 442 285 443 284 443 279 441 277 441 276 440 275 440 274 438 272 437 272 434 269 433 269 432 268 431 268 430 267 428 267 427 266
0 319 318 318 319 316 319 315 320 313 320 312 321 310 321 308 323 307 323 300 330 300 331 298 333 298 334 297 335 297 337 296 338 296 348 297 349 297 351 298 352 298 353 301 356 302 356 303 357 305 357 306 358 314 358 315 357 317 357 318 356 320 356 321 355 323 355 325 353 326 353 329 350 330 350 333 347 333 346 335 344 335 343 336 342 336 341 337 340 337 339 338 338 338 336 339 335 339 326 338 325 338 324 337 323 337 322 335 320 333 320 332 319 330 319 329 318
0 561 359 560 360 558 360 557 361 555 361 554 362 553 362 552 363 551 363 544 370 544 371 543 372 543 373 542 374 542 375 541 376 541 385 542 386 542 387 547 392 548 392 549 393 551 393 552 394 554 394 555 395 561 395 562 394 565 394 566 393 568 393 569 392 570 392 571 391 572 391 575 388 576 388 580 384 580 383 582 381 582 380 583 379 583 368 582 367 582 366 577 361 576 361 575 360 573 360 572 359
0 535 232 534 233 532 233 531 234 529 234 524 239 524 241 523 242 523 251 524 252 524 253 525 254 525 255 526 256 526 258 527 259 527 264 529 266 530 266 531 267 533 267 534 268 537 268 538 269 542 269 543 268 545 268 546 267 548 267 549 266 550 266 554 262 554 261 555 260 555 259 556 258 556 255 557 254 557 246 556 245 556 243 555 242 555 241 554 240 554 239 549 234 548 234 547 233 545 233 544 232
0 433 360 432 361 430 361 424 367 423 367 422 368 421 368 420 369 419 369 417 371 417 376 418 377 418 378 420 380 421 380 423 382 425 382 426 383 428 383 429 384 431 384 432 385 434 385 435 386 438 386 439 387 441 387 442 388 457 388 458 387 460 387 461 386 462 386 467 381 467 380 468 379 468 374 467 373 467 372 466 371 466 370 462 366 461 366 460 365 459 365 458 364 456 364 455 363 452 363 451 362 446 362 445 361 439 361 438 360
0 418 390 417 391 415 391 414 392 413 392 412 393 411 393 407 397 407 398 406 399 406 401 405 402 405 408 406 409 406 411 407 412 407 413 413 419 415 419 416 420 424 420 425 421 426 421 427 420 429 420 430 419 432 419 433 418 434 418 437 415 437 414 439 412 439 411 440 410 440 399 438 397 438 396 435 393 434 393 433 392 432 392 431 391 429 391 428 390
0 31 236 30 237 28 237 27 238 26 238 25 239 24 239 19 244 19 246 18 247 18 256 19 257 19 258 20 259 20 260 21 261 21 262 25 266 26 266 28 268 30 268 31 269 34 269 35 270 36 270 37 269 44 269 45 268 47 268 48 267 49 267 51 265 51 264 52 263 52 262 53 261 53 260 55 258 55 257 56 256 56 251 55 250 55 248 54 247 54 246 52 244 52 243 48 239 47 239 45 237 43 237 42 236
0 144 274 143 275 141 275 140 276 139 276 138 277 137 277 133 281 133 282 132 283 132 284 131 285 131 286 130 287 130 288 129 289 129 294 130 295 130 297 131 298 131 302 132 303 132 304 133 305 133 306 137 310 139 310 140 311 142 311 143 312 152 312 153 311 157 311 158 310 160 310 161 309 162 309 169 302 169 301 170 300 170 298 171 297 171 294 172 293 172 289 171 288 171 286 170 285 170 284 169 283 169 282 165 278 164 278 162 276 160 276 159 275 152 275 151 274
0 234 320 233 321 231 321 230 322 229 322 224 327 224 328 223 329 223 330 222 331 222 333 221 334 221 340 222 341 222 343 223 344 223 345 224 346 224 347 225 348 225 349 228 352 229 352 231 354 233 354 234 355 245 355 246 354 248 354 250 352 250 351 253 348 253 347 255 345 255 342 256 341 256 334 255 333 255 330 254 329 254 328 248 322 246 322 245 321 243 321 242 320
0 70 415 69 416 67 416 66 417 65 417 60 422 60 437 61 438 61 439 62 440 62 442 64 444 64 445 65 446 65 447 68 450 70 450 71 451 75 451 76 452 82 452 83 451 85 451 91 445 91 444 92 443 92 441 93 440 93 432 92 431 92 429 91 428 91 426 90 425 90 424 84 418 83 418 82 417 81 417 80 416 78 416 77 415
0 18 273 17 274 14 274 13 275 11 275 10 276 9 276 6 279 6 281 5 282 5 286 6 287 6 291 7 292 7 294 8 295 8 298 9 299 9 300 12 303 14 303 15 304 18 304 19 305 21 305 22 304 27 304 28 303 30 303 31 302 33 302 34 301 35 301 37 299 38 299 44 293 44 288 43 287 43 286 35 278 34 278 33 277 32 277 31 276 30 276 29 275 27 275 26 274 22 274 21 273
0 127 453 126 454 124 454 123 455 122 455 118 459 118 460 117 461 117 469 118 470 118 473 123 478 124 478 125 479 145 479 149 475 149 474 150 473 150 468 149 467 149 465 148 464 148 463 147 462 147 461 141 455 140 455 139 454 137 454 136 453
0 218 362 217 363 215 363 214 364 212 364 211 365 210 365 209 366 208 366 202 372 202 373 201 374 201 375 200 376 200 387 201 388 201 389 202 390 202 391 205 394 205 395 207 397 208 397 210 399 212 399 213 400 216 400 217 401 222 401 223 400 225 400 226 399 228 399 229 398 230 398 233 395 234 395 241 388 241 387 243 385 243 384 244 383 244 376 243 375 243 374 242 373 242 372 238 368 237 368 236 367 235 367 234 366 233 366 232 365 231 365 230 364 228 364 227 363 225 363 224 362
0 121 347 120 348 118 348 117 349 116 349 110 355 110 356 109 357 109 358 108 359 108 362 107 363 107 367 108 368 108 370 109 371 109 372 110 373 110 374 113 377 114 377 116 379 118 379 119 380 122 380 123 381 124 381 125 380 129 380 130 379 132 379 133 378 134 378 138 374 138 373 140 371 140 370 142 368 142 358 141 357 141 356 140 355 140 354 136 350 135 350 134 349 133 349 132 348 130 348 129 347
0 100 383 99 384 97 384 96 385 95 385 93 387 92 387 90 389 90 390 86 394 86 396 85 397 85 402 86 403 86 407 87 408 87 409 93 415 94 415 95 416 97 416 98 417 101 417 102 418 113 418 114 417 116 417 117 416 118 416 123 411 123 410 124 409 124 408 125 407 125 406 126 405 126 396 125 395 125 394 124 393 124 392 118 386 117 386 116 385 114 385 113 384 110 384 109 383
0 149 319 148 320 146 320 145 321 144 321 141 324 141 325 140 326 140 327 139 328 139 329 138 330 138 333 137 334 137 339 138 340 138 342 146 350 147 350 148 351 150 351 151 352 160 352 161 351 163 351 164 350 165 350 169 346 169 345 171 343 171 342 172 341 172 339 173 338 173 332 172 331 172 329 170 327 170 326 166 322 165 322 164 321 163 321 162 320 160 320 159 319
0 256 449 255 450 253 450 252 451 251 451 250 452 249 452 244 457 244 458 243 459 243 461 242 462 242 464 241 465 241 473 242 474 242 476 243 477 243 478 244 479 275 479 278 476 278 475 279 474 279 462 278 461 278 460 277 459 277 458 271 452 270 452 269 451 268 451 267 450 265 450 264 449
0 451 318 450 319 448 319 446 321 445 321 444 322 443 322 441 324 441 325 440 326 440 327 439 328 439 329 438 330 438 332 437 333 437 340 438 341 438 344 439 345 439 346 441 348 441 349 445 353 446 353 447 354 448 354 449 355 451 355 452 356 459 356 460 355 462 355 463 354 464 354 469 349 469 348 470 347 470 346 471 345 471 338 472 337 472 330 471 329 471 328 470 327 470 326 469 325 469 324 466 321 465 321 464 320 462 320 461 319 459 319 458 318
0 492 320 491 321 489 321 488 322 487 322 486 323 485 323 480 328 480 329 479 330 479 333 478 334 478 341 479 342 479 345 480 346 480 347 482 349 482 350 486 354 487 354 488 355 490 355 491 356 495 356 496 355 499 355 500 354 502 354 503 353 504 353 507 350 508 350 511 347 511 346 512 345 512 344 513 343 513 341 514 340 514 335 513 334 513 330 512 329 512 328 506 322 505 322 504 321 502 321 501 320
0 161 362 160 363 157 363 156 364 154 364 152 366 151 366 148 369 148 370 147 371 147 372 146 373 146 383 147 384 147 385 148 386 148 387 149 388 149 389 155 395 156 395 158 397 160 397 161 398 163 398 164 399 175 399 176 398 178 398 179 397 180 397 181 396 182 396 187 391 187 390 188 389 188 388 189 387 189 378 188 377 188 375 187 374 187 373 181 367 180 367 178 365 177 365 176 364 174 364 173 363 170 363 169 362
0 121 164 120 165 118 165 117 166 116 166 112 170 112 171 111 172 111 174 110 175 110 187 111 188 111 189 112 190 112 191 118 197 119 197 120 198 121 198 123 200 125 200 126 201 130 201 131 200 133 200 138 195 138 194 141 191 141 190 143 188 143 187 144 186 144 179 143 178 143 175 139 171 138 171 137 170 136 170 135 169 134 169 131 166 130 166 129 165 127 165 126 164
0 33 171 30 172 28 173 26 174 22 178 20 183 20 196 21 198 23 201 25 203 30 206 34 209 37 210 43 211 48 210 50 209 52 208 56 204 57 202 58 200 59 195 59 189 58 185 57 183 55 180 50 175 44 172 37 171
0 73 56 68 59 65 61 63 63 61 66 60 68 59 72 59 77 60 82 61 84 63 87 67 91 70 93 73 94 76 95 82 95 85 94 87 93 92 88 95 82 96 78 97 74 97 70 96 67 94 65 91 63 82 58 80 57 77 56
0 87 43 84 44 82 45 80 46 75 51 73 56 71 58 70 58 67 61 66 63 66 70 67 74 68 77 70 80 74 84 79 84 82 85 84 83 87 82 90 79 93 78 95 76 103 67 104 65 104 61 105 60 105 57 104 54 103 52 102 50 97 45 95 44 91 43
0 187 84 188 92 187 97 183 102 182 105 180 107 177 108 175 108 175 111 176 113 179 116 187 120 191 121 194 121 195 120 199 120 205 117 207 115 209 112 210 109 211 105 211 101 210 96 209 93 206 90 203 88 200 86 198 85 196 84 192 83
0 344 59 341 60 337 62 335 64 334 66 333 69 333 82 334 85 335 87 341 93 343 94 345 95 355 95 359 93 361 91 363 89 365 86 366 84 367 80 367 74 366 70 365 68 362 64 361 63 356 60 353 59
0 404 121 401 122 399 124 396 124 394 125 391 128 391 129 387 132 388 140 389 143 390 145 392 147 392 148 393 149 397 152 399 153 401 154 405 155 416 155 420 154 422 153 428 147 430 144 430 135 429 132 427 129 424 126 418 123 413 121
0 399 101 396 102 394 103 391 105 386 110 384 113 383 115 382 117 381 120 381 127 382 129 383 131 386 134 387 134 389 137 392 137 395 135 400 136 402 136 404 134 407 133 407 132 409 130 410 130 413 127 413 121 415 118 415 111 414 108 413 106 410 103 408 102 406 101
0 523 132 519 133 517 134 515 135 513 137 512 137 511 138 508 142 506 145 505 147 504 150 504 162 505 165 507 168 512 173 514 174 517 175 523 176 525 176 528 175 530 174 533 172 538 167 539 165 540 161 542 159 543 155 543 152 542 145 541 142 540 140 539 138 536 135 534 134 532 133 527 132
0 539 151 535 153 529 153 526 154 525 158 525 161 523 164 522 167 521 174 522 176 525 182 530 187 532 188 537 189 541 189 544 188 546 187 548 186 551 183 552 181 553 179 554 176 554 163 553 160 551 157 548 154 542 151
0 577 425 576 426 573 426 569 430 568 433 565 436 564 445 564 448 565 451 566 454 571 459 574 461 576 462 578 463 587 463 589 462 592 459 593 457 594 450 595 448 597 446 599 441 599 438 597 436 597 435 596 434 595 434 587 428 585 427 579 425
0 535 414 532 415 530 416 528 418 526 421 525 425 525 429 526 433 527 435 528 437 531 440 532 443 536 447 544 451 551 451 555 449 557 447 558 445 559 442 559 428 549 418 546 416 544 415 541 414
0 374 442 373 443 371 443 369 446 367 446 364 448 364 451 362 452 361 454 362 470 363 475 366 478 374 479 387 478 389 478 390 479 393 479 395 478 396 475 398 472 398 461 395 455 391 451 390 447 388 447 385 444 383 443 381 442
0 129 254 125 256 123 257 122 258 121 261 118 264 117 266 116 269 115 272 115 282 117 286 118 288 119 289 120 289 122 291 124 292 126 293 128 293 131 296 137 293 141 294 148 287 150 283 149 281 152 277 150 274 149 271 150 266 147 260 143 256 141 255 138 254 134 253
0 92 276 87 277 84 278 79 283 78 285 77 288 76 291 75 295 75 299 76 302 77 304 82 308 82 309 83 310 85 311 88 312 99 312 101 311 103 310 107 306 109 302 111 299 111 289 110 287 109 285 106 281 105 280 104 280 102 278 100 277 96 276
1 0 422 0 457 2 458 6 459 16 459 19 458 21 457 24 454 27 450 28 447 28 436 27 434 24 430 23 427 22 427 17 423 14 422
0 142 183 138 184 136 185 134 186 130 190 128 195 128 200 129 203 130 206 131 208 133 211 135 213 136 213 139 216 141 217 143 218 153 218 156 217 162 214 164 212 166 209 167 206 168 203 168 200 167 196 166 194 165 192 159 186 157 185 153 184 148 183
0 203 175 199 176 194 179 192 181 190 184 189 186 188 188 187 191 186 199 187 206 189 209 194 214 197 215 199 215 206 214 210 212 211 209 215 205 218 199 219 191 217 183 216 181 213 178 210 176 206 175
0 226 203 224 205 223 205 222 206 222 207 220 209 219 213 219 220 220 223 221 226 222 228 226 233 231 238 233 239 236 240 240 240 241 242 244 243 247 241 250 238 251 236 252 233 253 224 251 222 251 221 248 218 246 215 245 212 243 209 239 205 237 204 235 203
0 241 219 236 222 232 226 231 229 227 232 226 234 226 238 227 241 228 243 231 246 233 247 235 248 242 248 250 244 254 241 254 239 257 236 257 228 254 224 253 223 251 221 248 219
0 204 427 203 428 200 428 198 429 193 434 192 437 192 445 196 452 197 455 197 458 199 463 204 464 209 465 215 465 219 464 222 462 224 460 225 458 226 455 227 452 228 446 228 443 226 441 223 438 221 434 219 432 216 430 214 429 211 428 206 427
1 223 440 220 442 214 441 212 441 210 442 208 444 206 444 204 445 200 448 199 449 199 450 197 452 197 459 198 464 202 472 204 474 207 476 209 477 212 478 220 478 222 477 224 476 227 474 232 469 233 467 234 465 235 462 236 459 236 453 235 450 228 443 225 441
0 23 180 12 181 6 184 0 188 0 214 2 214 6 216 13 216 16 215 19 214 21 213 24 210 29 205 29 190 27 189 27 186 25 181
0 2 145 0 146 0 178 5 178 8 177 13 175 15 173 16 173 17 170 20 165 20 158 19 155 18 153 17 151 13 147 10 146 6 145
0 72 0 73 3 74 5 81 12 83 13 85 14 90 15 95 15 99 14 101 13 103 12 109 6 111 2 111 0
0 229 0 230 2 230 4 231 6 232 8 237 13 239 14 241 15 245 15 250 14 253 13 255 12 257 11 258 10 258 9 263 3 263 0
0 590 0 590 5 591 7 592 9 596 13 598 14 603 15 608 14 614 11 617 9 619 6 621 3 622 0
0 635 18 628 25 625 31 624 36 624 38 625 39 625 42 626 44 630 48 632 49 634 50 639 50 639 16
1 634 59 631 61 628 64 625 70 624 76 625 81 626 83 630 87 631 87 635 91 636 93 636 95 639 99 639 57
1 636 172 633 173 628 178 626 181 625 183 624 186 624 194 625 196 626 198 629 201 632 203 634 204 639 205 639 170
0 636 366 633 367 630 368 628 369 623 374 622 376 620 382 621 390 622 392 623 394 626 397 629 399 631 400 633 401 639 401 639 366
0 547 457 545 458 541 462 540 464 539 466 539 473 540 477 542 479 564 479 566 478 565 474 560 475 558 474 553 469 552 466 552 460 551 458 549 457
1 583 469 580 470 578 471 576 472 572 476 571 478 604 478 602 476 602 475 598 471 596 470 594 469
0 636 453 632 457 631 457 628 460 626 463 623 468 623 476 624 478 626 479 639 479 639 452