0 581 82 580 83 578 83 577 84 575 84 574 85 573 85 569 89 569 90 568 91 568 92 567 93 567 95 566 96 566 103 567 104 567 107 568 108 568 109 571 112 572 112 575 115 576 115 577 116 579 116 580 117 586 117 587 116 589 116 590 115 591 115 594 112 595 112 598 109 598 107 599 106 599 103 600 102 600 96 599 95 599 93 598 92 598 91 592 85 591 85 590 84 589 84 588 83 586 83 585 82
0 275 63 274 64 272 64 271 65 270 65 264 71 264 72 263 73 263 75 262 76 262 84 263 85 263 86 268 91 270 91 271 92 282 92 283 91 285 91 286 90 287 90 292 85 292 83 293 82 293 77 292 76 292 74 291 73 291 71 289 69 289 68 285 64 283 64 282 63
0 381 19 380 20 378 20 377 21 375 21 374 22 372 22 370 24 369 24 366 27 366 28 365 29 365 30 364 31 364 32 363 33 363 44 364 45 364 46 365 47 365 48 370 53 371 53 372 54 374 54 375 55 379 55 380 54 382 54 383 53 385 53 392 46 392 45 393 44 393 41 394 40 394 29 393 28 393 26 388 21 387 21 386 20 384 20 383 19
0 451 0 450 1 450 2 449 3 449 5 448 6 448 14 449 15 449 17 450 18 450 19 452 21 453 21 455 23 457 23 458 24 460 24 461 25 464 25 465 26 468 26 469 25 474 25 475 24 477 24 478 23 479 23 480 22 481 22 483 20 483 19 484 18 484 17 485 16 485 6 484 5 484 3 483 2 483 1 482 0
0 363 68 362 69 360 69 355 74 355 76 354 77 354 84 355 85 355 87 356 88 356 89 357 90 357 91 361 95 362 95 364 97 365 97 366 98 367 98 368 99 370 99 371 100 374 100 375 101 376 101 377 100 379 100 380 99 381 99 383 97 384 97 385 96 386 96 388 94 388 93 389 92 389 82 388 81 388 79 387 78 387 77 380 70 379 70 378 69 376 69 375 68
0 615 32 614 33 612 33 610 35 609 35 604 40 604 42 603 43 603 44 602 45 602 46 601 47 601 58 602 59 602 61 603 62 603 64 604 65 604 66 608 70 609 70 610 71 612 71 613 72 615 72 616 71 618 71 619 70 621 70 622 69 623 69 624 68 625 68 630 63 630 62 632 60 632 59 633 58 633 56 634 55 634 41 633 40 633 39 632 38 632 37 629 34 628 34 627 33 625 33 624 32
0 478 116 477 117 475 117 468 124 468 125 467 126 467 127 466 128 466 129 465 130 465 133 464 134 464 138 463 139 463 145 466 148 466 149 467 150 467 151 470 154 472 154 473 155 482 155 483 154 485 154 486 153 487 153 488 152 489 152 490 151 491 151 496 146 496 145 497 144 497 142 498 141 498 138 499 137 499 129 498 128 498 126 497 125 497 124 496 123 496 122 492 118 491 118 490 117 488 117 487 116
0 394 0 394 6 393 7 393 13 394 14 394 16 396 18 396 19 399 22 400 22 402 24 404 24 405 25 407 25 408 26 415 26 416 25 418 25 419 24 420 24 422 22 423 22 425 20 425 19 426 18 426 17 427 16 427 14 428 13 428 5 427 4 427 3 426 2 426 0
0 327 68 326 69 323 69 322 70 320 70 319 71 317 71 315 73 315 74 312 77 312 78 311 79 311 83 310 84 310 89 311 90 311 92 312 93 312 95 313 96 313 97 318 102 319 102 320 103 322 103 323 104 333 104 334 103 336 103 338 101 339 101 344 96 344 95 345 94 345 93 346 92 346 79 345 78 345 77 343 75 343 74 340 71 339 71 337 69 335 69 334 68
0 386 176 385 177 383 177 382 178 381 178 380 179 379 179 373 185 373 186 372 187 372 189 371 190 371 195 372 196 372 199 373 200 373 201 375 203 375 204 378 207 380 207 381 208 383 208 384 209 389 209 390 208 392 208 393 207 394 207 395 206 396 206 401 201 401 200 403 198 403 196 404 195 404 184 403 183 403 182 399 178 398 178 397 177 395 177 394 176
0 526 72 525 73 523 73 522 74 520 74 519 75 518 75 514 79 514 81 513 82 513 84 512 85 512 90 513 91 513 94 514 95 514 96 515 97 515 98 520 103 521 103 523 105 525 105 526 106 528 106 529 107 541 107 542 106 544 106 545 105 546 105 547 104 548 104 552 100 552 98 553 97 553 90 552 89 552 86 551 85 551 84 545 78 544 78 542 76 541 76 540 75 539 75 538 74 536 74 535 73 532 73 531 72
0 482 50 481 51 479 51 478 52 476 52 475 53 474 53 467 60 467 61 466 62 466 76 467 77 467 78 474 85 475 85 476 86 478 86 479 87 485 87 486 86 489 86 490 85 492 85 493 84 494 84 499 79 499 78 500 77 500 76 501 75 501 74 502 73 502 64 501 63 501 60 498 57 498 56 496 54 495 54 493 52 491 52 490 51 488 51 487 50
0 614 163 613 164 611 164 610 165 609 165 608 166 607 166 606 167 605 167 604 168 602 168 601 169 599 169 598 170 597 170 593 174 593 177 592 178 592 187 593 188 593 190 595 192 595 193 599 197 600 197 601 198 603 198 604 199 606 199 607 200 615 200 616 199 618 199 619 198 620 198 623 195 624 195 630 189 630 188 631 187 631 177 630 176 630 175 629 174 629 173 628 172 628 171 623 166 622 166 621 165 620 165 619 164 617 164 616 163
0 388 104 387 105 384 105 383 106 381 106 379 108 378 108 376 110 375 110 373 112 373 113 372 114 372 115 371 116 371 117 370 118 370 129 372 131 372 132 375 135 376 135 377 136 378 136 379 137 381 137 382 138 394 138 395 137 397 137 398 136 399 136 400 135 401 135 407 129 407 128 408 127 408 126 409 125 409 114 408 113 408 112 406 110 405 110 402 107 401 107 400 106 398 106 397 105 395 105 394 104
0 134 250 133 251 131 251 130 252 128 252 127 253 125 253 124 254 123 254 122 255 121 255 120 256 119 256 117 258 116 258 112 262 112 263 111 264 111 273 112 274 112 276 117 281 118 281 119 282 121 282 122 283 126 283 127 284 129 284 130 283 132 283 133 282 135 282 136 281 137 281 138 280 139 280 141 278 142 278 144 276 145 276 148 273 148 272 151 269 151 268 153 266 153 258 152 257 152 256 150 254 149 254 147 252 145 252 144 251 141 251 140 250
0 144 297 143 298 140 298 139 299 137 299 136 300 135 300 128 307 128 308 127 309 127 321 128 322 128 324 132 328 133 328 135 330 136 330 137 331 139 331 141 333 143 333 144 334 148 334 149 333 151 333 152 332 154 332 155 331 156 331 157 330 158 330 161 327 161 326 162 325 162 324 163 323 163 322 164 321 164 311 163 310 163 308 161 306 161 305 157 301 156 301 154 299 152 299 151 298 148 298 147 297
0 125 371 124 372 122 372 121 373 120 373 119 374 118 374 117 375 116 375 115 376 114 376 113 377 112 377 109 380 109 381 108 382 108 383 107 384 107 385 106 386 106 389 105 390 105 403 111 409 113 409 114 410 116 410 117 411 120 411 121 410 123 410 128 405 128 404 129 403 129 402 132 399 132 398 133 397 133 396 134 395 134 394 135 393 135 392 136 391 136 389 137 388 137 381 136 380 136 378 135 377 135 376 132 373 131 373 130 372 128 372 127 371
0 37 372 36 373 33 373 32 374 30 374 27 377 27 378 25 380 25 381 24 382 24 395 25 396 25 398 26 399 26 400 27 401 27 402 32 407 34 407 35 408 47 408 48 407 50 407 56 401 56 399 57 398 57 382 51 376 50 376 48 374 47 374 46 373 44 373 43 372
0 114 330 113 331 111 331 110 332 108 332 107 333 106 333 99 340 99 341 98 342 98 352 99 353 99 354 100 355 100 356 102 358 102 359 105 362 107 362 108 363 117 363 118 362 120 362 121 361 122 361 124 359 125 359 128 356 128 355 129 354 129 353 130 352 130 351 131 350 131 339 130 338 130 337 125 332 124 332 123 331 121 331 120 330
0 316 281 315 282 313 282 312 283 311 283 309 285 308 285 305 288 305 289 304 290 304 291 303 292 303 294 302 295 302 306 303 307 303 309 304 310 304 311 307 314 307 315 310 318 311 318 312 319 313 319 314 320 316 320 317 321 319 321 320 322 322 322 323 321 327 321 328 320 330 320 331 319 332 319 340 311 340 310 341 309 341 307 342 306 342 300 341 299 341 296 340 295 340 294 339 293 339 292 338 291 338 290 333 285 332 285 331 284 330 284 329 283 328 283 327 282 325 282 324 281
0 501 152 500 153 498 153 497 154 496 154 495 155 494 155 492 157 491 157 490 158 488 158 487 159 485 159 484 160 483 160 482 161 481 161 475 167 475 169 474 170 474 178 475 179 475 180 476 181 476 182 478 184 478 185 480 187 481 187 483 189 485 189 486 190 496 190 497 189 499 189 500 188 501 188 502 187 503 187 508 182 508 181 509 180 509 179 510 178 510 177 511 176 511 175 512 174 512 172 513 171 513 170 514 169 514 161 513 160 513 159 511 157 511 156 509 154 508 154 507 153 505 153 504 152
0 409 66 408 67 406 67 405 68 404 68 399 73 399 74 398 75 398 76 397 77 397 78 396 79 396 90 397 91 397 92 398 93 398 94 399 95 399 96 400 97 400 98 402 100 403 100 405 102 406 102 408 104 410 104 411 105 421 105 422 104 424 104 425 103 426 103 431 98 431 97 433 95 433 83 432 82 432 79 431 78 431 77 423 69 422 69 421 68 420 68 419 67 417 67 416 66
0 557 34 556 35 554 35 553 36 551 36 550 37 549 37 548 38 547 38 546 39 545 39 541 43 541 44 540 45 540 47 539 48 539 60 541 62 541 63 545 67 546 67 547 68 549 68 550 69 560 69 561 68 563 68 564 67 565 67 571 61 571 60 572 59 572 58 573 57 573 48 572 47 572 46 571 45 571 44 570 43 570 42 569 41 569 40 564 35 562 35 561 34
0 475 268 474 269 472 269 471 270 469 270 468 271 467 271 462 276 462 277 460 279 460 280 459 281 459 283 458 284 458 285 457 286 457 289 456 290 456 297 457 298 457 300 458 301 458 302 459 303 459 304 464 309 465 309 466 310 468 310 469 311 475 311 476 310 479 310 480 309 482 309 483 308 484 308 490 302 490 301 492 299 492 298 493 297 493 296 494 295 494 294 495 293 495 290 496 289 496 280 495 279 495 277 494 276 494 275 489 270 488 270 487 269 485 269 484 268
0 518 261 517 262 515 262 514 263 512 263 511 264 510 264 508 266 507 266 505 268 505 269 501 273 501 290 504 293 504 295 505 296 505 297 507 299 508 299 510 301 511 301 512 302 514 302 515 303 523 303 524 302 526 302 530 298 531 298 533 296 533 295 534 294 534 293 535 292 535 290 536 289 536 287 537 286 537 280 536 279 536 276 535 275 535 273 534 272 534 271 528 265 526 265 524 263 522 263 521 262 519 262
0 161 156 160 157 158 157 157 158 156 158 151 163 150 163 147 166 147 167 146 168 146 181 147 182 147 183 148 184 148 185 151 188 152 188 153 189 154 189 155 190 157 190 158 191 166 191 167 190 169 190 170 189 171 189 177 183 177 182 178 181 178 180 179 179 179 176 180 175 180 168 179 167 179 165 177 163 177 162 172 157 170 157 169 156
0 201 83 200 84 198 84 197 85 196 85 190 91 190 93 189 94 189 96 188 97 188 102 189 103 189 106 190 107 190 109 197 116 199 116 200 117 204 117 205 118 208 118 209 117 212 117 213 116 215 116 217 114 218 114 221 111 221 110 222 109 222 107 223 106 223 96 222 95 222 93 215 86 214 86 213 85 212 85 211 84 209 84 208 83
0 257 96 256 97 254 97 248 103 248 105 247 106 247 121 248 122 248 123 250 125 250 126 255 131 256 131 257 132 259 132 260 133 266 133 267 132 269 132 270 131 271 131 275 127 275 126 276 125 276 123 277 122 277 110 276 109 276 107 275 106 275 105 274 104 274 103 273 102 273 101 270 98 268 98 267 97 265 97 264 96
0 63 19 62 20 60 20 55 25 55 26 54 27 54 29 53 30 53 43 54 44 54 46 55 47 55 51 57 53 59 53 60 54 62 54 63 55 69 55 70 56 78 56 79 55 84 55 85 54 87 54 88 53 90 53 95 48 95 47 96 46 96 44 97 43 97 33 96 32 96 30 95 29 95 28 91 24 90 24 89 23 88 23 87 22 86 22 85 21 83 21 82 20 80 20 79 19
0 20 146 19 147 14 147 13 148 11 148 10 149 9 149 8 150 7 150 6 151 5 151 4 152 3 152 1 154 1 155 0 156 0 172 4 176 5 176 6 177 7 177 9 179 10 179 11 180 13 180 14 181 19 181 20 180 22 180 23 179 25 179 26 178 28 178 30 176 31 176 33 174 33 173 35 171 35 169 36 168 36 157 35 156 35 155 34 154 34 153 30 149 29 149 28 148 26 148 25 147 21 147
0 234 137 233 138 231 138 230 139 228 139 227 140 226 140 225 141 224 141 222 143 222 144 220 146 220 148 219 149 219 152 218 153 218 159 219 160 219 163 220 164 220 166 221 167 221 168 222 169 222 170 227 175 228 175 230 177 232 177 233 178 235 178 236 179 240 179 241 178 243 178 244 177 245 177 246 176 247 176 250 173 250 172 253 169 253 168 254 167 254 166 255 165 255 153 254 152 254 150 253 149 253 148 252 147 252 146 246 140 245 140 244 139 242 139 241 138 238 138 237 137
0 81 378 80 379 77 379 76 380 74 380 73 381 72 381 70 383 69 383 67 385 67 387 66 388 66 394 65 395 65 401 66 402 66 405 73 412 75 412 76 413 82 413 83 412 85 412 86 411 88 411 91 408 93 408 95 406 95 405 96 404 96 402 98 400 98 386 96 384 96 383 94 381 92 381 91 380 89 380 88 379 85 379 84 378
0 188 355 187 356 185 356 180 361 180 362 179 363 179 364 178 365 178 366 177 367 177 379 178 380 178 382 180 384 180 385 183 388 184 388 185 389 186 389 187 390 188 390 189 391 191 391 192 392 201 392 202 391 204 391 205 390 206 390 207 389 208 389 214 383 214 381 215 380 215 378 216 377 216 373 215 372 215 369 214 368 214 367 213 366 213 365 207 359 206 359 204 357 203 357 202 356 200 356 199 355
0 206 316 205 317 201 317 200 318 198 318 197 319 196 319 195 320 194 320 191 323 191 324 190 325 190 326 189 327 189 338 190 339 190 341 199 350 200 350 201 351 203 351 204 352 207 352 208 353 209 353 210 352 213 352 214 351 216 351 217 350 219 350 226 343 226 342 227 341 227 331 226 330 226 329 225 328 225 327 224 326 224 325 221 322 220 322 218 320 217 320 216 319 215 319 214 318 212 318 211 317 209 317 208 316
0 121 94 120 95 118 95 117 96 115 96 107 104 107 106 106 107 106 111 105 112 105 121 106 122 106 125 107 126 107 128 112 133 113 133 114 134 116 134 117 135 122 135 123 134 125 134 126 133 127 133 128 132 129 132 135 126 135 125 137 123 137 122 138 121 138 120 139 119 139 116 140 115 140 108 139 107 139 105 138 104 138 103 136 101 136 100 132 96 131 96 130 95 128 95 127 94
0 148 10 147 11 145 11 144 12 143 12 142 13 141 13 137 17 137 25 138 26 138 27 139 28 139 29 141 31 143 31 144 32 148 32 149 31 151 31 155 27 155 26 157 24 157 22 158 21 158 15 155 12 154 12 153 11 151 11 150 10
0 396 290 395 291 393 291 392 292 390 292 389 293 387 293 386 294 385 294 380 299 380 300 379 301 379 311 380 312 380 313 387 320 389 320 390 321 400 321 401 320 403 320 404 319 405 319 406 318 407 318 411 314 411 312 412 311 412 310 413 309 413 305 412 304 412 302 411 301 411 299 409 297 409 296 407 294 406 294 404 292 403 292 402 291 400 291 399 290
0 394 251 393 252 390 252 389 253 387 253 385 255 384 255 377 262 377 263 376 264 376 275 377 276 377 277 379 279 379 280 384 285 386 285 387 286 389 286 390 285 392 285 393 286 397 286 398 285 400 285 401 284 403 284 404 283 406 283 409 280 409 279 410 278 410 277 411 276 411 274 412 273 412 270 413 269 413 263 412 262 412 261 411 260 411 259 405 253 404 253 403 252 401 252 400 251
0 474 397 473 398 470 398 469 399 467 399 466 400 465 400 459 406 459 418 460 419 460 421 461 422 461 423 468 430 469 430 470 431 471 431 472 432 473 432 474 433 476 433 477 434 486 434 487 433 489 433 490 432 491 432 495 428 495 427 496 426 496 425 497 424 497 412 496 411 496 410 494 408 494 407 493 406 493 405 489 401 488 401 487 400 486 400 485 399 484 399 483 398 481 398 480 397
0 438 378 437 379 435 379 434 380 432 380 431 381 430 381 425 386 425 387 424 388 424 389 423 390 423 391 422 392 422 402 424 404 424 405 427 408 429 408 430 409 431 409 432 410 434 410 435 411 441 411 442 412 443 412 444 411 446 411 447 410 449 410 450 409 451 409 452 408 453 408 455 406 455 405 456 404 456 403 457 402 457 390 456 389 456 388 455 387 455 385 451 381 449 381 448 380 446 380 445 379 443 379 442 378
0 266 170 265 171 263 171 258 176 258 177 257 178 257 189 258 190 258 191 265 198 266 198 268 200 269 200 270 201 272 201 273 202 277 202 278 203 286 203 287 202 289 202 290 201 291 201 292 200 293 200 296 197 297 197 299 195 299 194 300 193 300 186 299 185 299 184 297 182 297 181 294 178 293 178 292 177 291 177 290 176 289 176 288 175 287 175 286 174 284 174 283 173 281 173 280 172 277 172 276 171 274 171 273 170
0 216 0 216 2 215 3 215 6 214 7 214 12 215 13 215 15 217 17 217 18 224 25 225 25 227 27 228 27 229 28 231 28 232 29 233 29 234 28 239 28 240 27 242 27 244 25 245 25 246 24 247 24 249 22 249 21 251 19 251 18 252 17 253 17 255 15 255 11 252 8 252 7 250 5 250 3 249 2 249 1 248 0
0 354 137 353 138 351 138 349 140 348 140 344 144 344 145 342 147 342 151 341 152 341 158 342 159 342 161 343 162 343 164 344 165 344 166 348 170 349 170 350 171 352 171 353 172 358 172 359 171 362 171 363 170 365 170 366 169 367 169 373 163 373 162 374 161 374 159 375 158 375 147 374 146 374 145 372 143 372 142 370 140 369 140 367 138 365 138 364 137
0 20 30 19 31 17 31 16 32 15 32 14 33 13 33 10 36 10 37 9 38 9 39 8 40 8 41 6 43 6 44 5 45 5 49 4 50 4 57 5 58 5 60 11 66 13 66 14 67 16 67 17 68 23 68 24 67 26 67 27 66 29 66 31 64 32 64 38 58 38 56 39 55 39 52 40 51 40 42 39 41 39 40 38 39 38 38 37 37 37 36 34 33 33 33 32 32 31 32 30 31 28 31 27 30
0 347 193 346 194 344 194 343 195 342 195 341 196 340 196 335 201 335 202 334 203 334 216 335 217 335 218 336 219 336 220 337 221 337 222 341 226 342 226 343 227 344 227 345 228 347 228 348 229 350 229 351 230 357 230 358 229 360 229 361 228 362 228 369 221 369 220 370 219 370 208 369 207 369 206 368 205 368 204 366 202 366 201 365 200 365 199 363 197 362 197 360 195 359 195 358 194 356 194 355 193
0 312 333 311 334 309 334 308 335 307 335 304 338 304 339 303 340 303 358 305 360 305 361 307 363 307 364 310 367 311 367 312 368 314 368 315 369 320 369 321 368 323 368 324 367 325 367 327 365 327 364 328 363 328 362 329 361 329 358 330 357 330 345 329 344 329 342 328 341 328 340 327 339 327 338 323 334 321 334 320 333
0 96 220 95 221 93 221 92 222 91 222 90 223 89 223 85 227 85 228 84 229 84 230 83 231 83 243 84 244 84 245 85 246 85 247 91 253 92 253 93 254 94 254 95 255 97 255 98 256 103 256 104 255 106 255 107 254 109 254 110 253 111 253 113 251 114 251 117 248 117 247 118 246 118 244 119 243 119 238 118 237 118 234 117 233 117 232 116 231 116 230 115 229 115 228 110 223 109 223 108 222 107 222 106 221 104 221 103 220
0 445 217 444 218 442 218 441 219 440 219 439 220 438 220 437 221 436 221 432 225 432 226 431 227 431 228 429 230 429 241 430 242 430 243 431 244 431 245 436 250 438 250 439 251 442 251 443 252 449 252 450 251 452 251 453 250 454 250 455 249 456 249 457 248 458 248 461 245 461 244 462 243 462 242 463 241 463 240 464 239 464 237 465 236 465 231 464 230 464 227 463 226 463 224 458 219 457 219 456 218 454 218 453 217
0 527 447 526 448 524 448 523 449 522 449 520 451 520 452 519 453 519 465 520 466 520 468 521 469 521 470 522 471 522 472 527 477 529 477 530 478 541 478 542 479 543 479 544 478 546 478 549 475 549 474 550 473 550 471 551 470 551 464 550 463 550 461 549 460 549 459 548 458 548 457 547 456 547 455 546 454 546 453 544 451 543 451 541 449 539 449 538 448 536 448 535 447
0 569 180 568 181 566 181 565 182 564 182 563 183 562 183 556 189 556 190 555 191 555 195 554 196 554 201 555 202 555 204 556 205 556 206 562 212 563 212 564 213 565 213 566 214 568 214 569 215 577 215 578 214 580 214 581 213 582 213 587 208 587 207 588 206 588 195 587 194 587 193 586 192 586 191 585 190 585 189 584 188 584 187 579 182 577 182 576 181 571 181 570 180
0 241 422 240 423 237 423 236 424 234 424 233 425 231 425 230 426 228 426 223 431 223 433 222 434 222 442 223 443 223 444 224 445 224 446 226 448 227 448 230 451 232 451 233 452 237 452 238 453 239 452 245 452 246 451 249 451 250 450 252 450 253 449 254 449 260 443 260 432 258 430 258 429 254 425 253 425 252 424 251 424 250 423 248 423 247 422
0 230 378 229 379 227 379 226 380 224 380 221 383 221 384 219 386 219 387 218 388 218 389 217 390 217 391 216 392 216 395 215 396 215 401 216 402 216 405 217 406 217 407 218 408 218 409 224 415 225 415 226 416 228 416 229 417 237 417 238 416 241 416 242 415 244 415 245 414 247 414 248 413 249 413 252 410 252 409 254 407 254 405 255 404 255 394 254 393 254 392 253 391 253 390 248 385 247 385 245 383 244 383 243 382 242 382 240 380 239 380 238 379 236 379 235 378
0 337 405 336 406 334 406 327 413 327 415 326 416 326 426 327 427 327 429 329 431 329 432 331 434 332 434 333 435 334 435 335 436 337 436 338 437 340 437 341 438 346 438 347 437 350 437 351 436 353 436 358 431 358 429 359 428 359 417 358 416 358 414 351 407 350 407 349 406 347 406 346 405
0 280 413 279 414 275 414 274 415 272 415 270 417 270 418 268 420 268 422 267 423 267 436 268 437 268 438 269 439 269 440 273 444 275 444 276 445 278 445 279 446 284 446 285 447 286 446 292 446 293 445 295 445 296 444 298 444 303 439 303 426 302 425 302 424 301 423 301 422 295 416 294 416 293 415 291 415 290 414 288 414 287 413
0 355 309 354 310 352 310 351 311 350 311 340 321 340 322 339 323 339 324 338 325 338 335 340 337 340 338 343 341 344 341 348 345 350 345 351 346 362 346 363 345 365 345 366 344 367 344 368 343 369 343 374 338 374 337 375 336 375 334 376 333 376 328 375 327 375 324 374 323 374 322 373 321 373 320 372 319 372 318 366 312 365 312 363 310 361 310 360 309
0 344 243 343 244 341 244 340 245 339 245 337 247 336 247 334 249 334 250 332 252 332 253 331 254 331 255 330 256 330 259 329 260 329 266 330 267 330 270 331 271 331 273 332 274 332 275 334 277 335 277 337 279 339 279 340 280 346 280 347 279 349 279 350 278 351 278 356 273 356 272 358 270 358 269 359 268 359 265 360 264 360 255 359 254 359 251 353 245 352 245 351 244 349 244 348 243
0 437 434 436 435 434 435 433 436 431 436 430 437 429 437 423 443 423 444 422 445 422 457 423 458 423 459 424 460 424 461 430 467 431 467 432 468 434 468 435 469 445 469 446 468 448 468 450 466 451 466 455 462 455 461 456 460 456 456 457 455 457 449 456 448 456 446 455 445 455 444 454 443 454 442 451 439 450 439 448 437 447 437 446 436 445 436 444 435 442 435 441 434
0 373 382 372 383 370 383 369 384 368 384 367 385 366 385 364 387 364 388 362 390 362 391 361 392 361 396 360 397 360 404 361 405 361 406 362 407 362 408 367 413 369 413 370 414 379 414 380 413 382 413 383 412 384 412 390 406 390 405 391 404 391 403 392 402 392 392 391 391 391 390 389 388 389 387 387 385 386 385 385 384 384 384 383 383 381 383 380 382
0 534 399 533 400 531 400 529 402 528 402 524 406 524 407 523 408 523 409 522 410 522 419 523 420 523 423 526 426 526 427 527 428 527 429 530 432 531 432 532 433 534 433 535 434 545 434 546 433 552 433 553 432 555 432 557 430 557 426 556 425 556 422 557 421 557 412 556 411 556 409 554 407 554 406 549 401 548 401 547 400 545 400 544 399
0 503 196 502 197 500 197 499 198 497 198 496 199 495 199 493 201 492 201 489 204 488 204 484 208 484 209 482 211 482 213 481 214 481 222 482 223 482 224 484 226 485 226 486 227 487 227 488 228 490 228 491 229 492 229 493 228 495 228 496 227 497 227 498 226 499 226 500 225 501 225 506 220 506 219 508 217 508 216 509 215 509 214 510 213 510 211 511 210 511 208 512 207 512 200 510 198 509 198 508 197 506 197 505 196
0 499 307 498 308 495 308 494 309 492 309 486 315 486 316 485 317 485 318 484 319 484 329 485 330 485 332 486 333 486 334 487 335 487 336 490 339 491 339 493 341 495 341 496 342 498 342 499 343 501 343 502 342 504 342 505 341 506 341 507 340 508 340 514 334 514 333 515 332 515 330 516 329 516 327 517 326 517 319 516 318 516 317 515 316 515 315 514 314 514 313 510 309 509 309 508 308 506 308 505 307
0 386 344 385 345 383 345 382 346 380 346 377 349 376 349 374 351 374 352 373 353 373 354 371 356 371 357 370 358 370 364 371 365 371 368 375 372 377 372 378 373 380 373 381 374 390 374 391 373 393 373 394 372 395 372 400 367 400 366 401 365 401 364 402 363 402 362 403 361 403 351 402 350 402 349 399 346 397 346 396 345 394 345 393 344
0 231 220 230 221 226 221 225 222 223 222 222 223 221 223 220 224 219 224 216 227 216 228 214 230 214 231 212 233 212 234 211 235 211 236 210 237 210 242 209 243 209 247 210 248 210 250 211 251 211 252 212 253 212 254 215 257 216 257 219 260 221 260 222 261 224 261 225 262 236 262 237 261 239 261 240 260 241 260 248 253 248 252 249 251 249 250 250 249 250 247 251 246 251 234 250 233 250 232 249 231 249 230 247 228 247 227 244 224 243 224 242 223 241 223 240 222 238 222 237 221 232 221
0 272 250 271 251 269 251 268 252 267 252 266 253 265 253 260 258 260 259 259 260 259 268 260 269 260 271 261 272 261 273 262 274 262 276 268 282 270 282 271 283 273 283 274 284 276 284 277 285 280 285 281 284 284 284 285 283 287 283 288 282 289 282 294 277 294 276 295 275 295 273 296 272 296 262 295 261 295 259 290 254 289 254 288 253 287 253 286 252 284 252 283 251 281 251 280 250
0 201 442 200 443 198 443 197 444 196 444 195 445 194 445 192 447 191 447 187 451 187 452 186 453 186 462 187 463 187 464 188 465 188 466 189 467 189 468 194 473 195 473 198 476 199 476 200 477 202 477 203 478 210 478 211 477 213 477 214 476 215 476 219 472 219 471 221 469 221 468 222 467 222 456 221 455 221 453 219 451 219 450 214 445 213 445 212 444 211 444 210 443 208 443 207 442
0 173 408 172 409 167 409 166 410 164 410 163 411 162 411 156 417 156 419 155 420 155 427 156 428 156 430 157 431 157 433 158 434 158 435 164 441 165 441 166 442 168 442 169 443 171 443 172 444 174 444 175 445 177 445 178 444 181 444 182 443 184 443 185 442 186 442 187 441 188 441 193 436 193 435 194 434 194 433 195 432 195 423 194 422 194 420 193 419 193 418 191 416 191 415 189 413 188 413 187 412 186 412 185 411 184 411 183 410 181 410 180 409 178 409 177 408
0 3 209 2 210 0 210 0 246 2 246 3 247 15 247 16 246 18 246 19 245 20 245 23 242 23 241 24 240 24 239 26 237 26 235 27 234 27 224 26 223 26 221 25 220 25 219 24 218 24 217 19 212 18 212 17 211 15 211 14 210 12 210 11 209
0 22 260 21 261 19 261 18 262 17 262 14 265 13 265 8 270 8 271 7 272 7 273 6 274 6 285 7 286 7 288 9 290 9 291 13 295 14 295 15 296 17 296 18 297 27 297 28 296 30 296 32 294 33 294 42 285 42 284 43 283 43 282 44 281 44 274 43 273 43 270 42 269 42 268 37 263 36 263 35 262 34 262 33 261 31 261 30 260
0 188 256 187 257 185 257 184 258 183 258 178 263 178 264 177 265 177 266 176 267 176 278 177 279 177 281 178 282 178 284 179 285 179 286 182 289 183 289 185 291 187 291 188 292 197 292 198 291 200 291 201 290 202 290 203 289 204 289 208 285 208 284 209 283 209 282 210 281 210 279 211 278 211 271 210 270 210 267 209 266 209 265 207 263 207 262 204 259 203 259 201 257 199 257 198 256
0 261 340 260 341 254 341 253 342 251 342 250 343 249 343 248 344 247 344 241 350 241 351 240 352 240 353 239 354 239 355 238 356 238 366 239 367 239 368 240 369 240 370 243 373 244 373 245 374 246 374 248 376 249 376 250 377 251 377 252 378 254 378 255 379 260 379 261 378 263 378 264 377 266 377 267 376 268 376 269 375 270 375 273 372 273 371 276 368 276 367 277 366 277 351 274 348 274 347 270 343 269 343 267 341 265 341 264 340
0 16 319 15 320 12 320 11 321 9 321 8 322 7 322 0 329 0 342 2 344 2 345 5 348 5 349 10 354 11 354 12 355 13 355 14 356 16 356 17 357 22 357 23 356 26 356 27 355 29 355 31 353 32 353 35 350 35 349 36 348 36 347 37 346 37 345 38 344 38 337 37 336 37 333 36 332 36 331 35 330 35 329 32 326 32 325 29 322 28 322 27 321 26 321 25 320 23 320 22 319
0 404 453 403 454 401 454 399 456 399 457 397 459 397 460 395 462 395 463 394 464 394 478 395 479 419 479 421 477 421 471 420 470 420 469 418 467 418 466 417 465 417 463 416 462 416 458 415 457 415 456 413 454 411 454 410 453
0 25 456 24 457 22 457 21 458 20 458 19 459 18 459 11 466 11 468 10 469 10 471 9 472 9 478 10 479 43 479 46 476 46 465 45 464 45 463 39 457 37 457 36 456
0 76 76 73 78 69 78 66 79 61 84 60 86 60 88 58 90 57 99 58 104 60 107 63 110 65 111 68 112 79 112 83 111 86 109 88 107 90 104 91 102 92 94 92 91 91 89 84 82 83 79 81 77 79 76
0 96 59 91 60 88 61 86 62 81 66 79 69 78 71 78 74 76 80 78 82 80 84 80 86 83 87 84 88 84 89 86 92 88 94 89 94 91 96 92 94 95 93 101 93 104 91 106 88 110 86 113 83 114 81 115 79 115 72 114 69 113 67 111 65 111 64 110 63 109 63 107 61 104 60 100 59
0 192 191 188 192 185 193 182 195 178 199 176 202 175 204 174 210 175 215 176 218 178 221 182 225 184 226 186 227 190 228 198 228 202 227 204 226 206 225 211 221 213 219 214 217 215 215 216 212 216 207 215 203 214 201 212 198 209 195 206 193 204 192 200 191
0 122 187 118 188 115 189 112 191 109 194 108 196 107 198 107 208 108 210 112 215 112 216 113 217 117 220 119 221 121 221 123 223 125 224 131 224 136 222 138 221 141 219 144 217 147 214 149 209 149 205 145 198 137 190 135 189 133 188 130 187
0 134 203 131 204 128 205 125 208 125 211 123 214 122 219 124 222 125 226 125 230 126 233 131 238 134 239 141 239 144 238 146 237 148 236 151 234 156 229 159 223 159 220 160 219 160 217 159 214 158 211 156 208 154 207 150 206 147 203 145 202 143 202 142 203 139 202
0 310 206 307 207 304 208 302 209 298 212 294 216 293 218 293 222 292 223 292 226 293 230 295 233 303 241 306 242 309 243 318 243 327 234 328 231 329 227 329 223 328 219 327 216 326 214 321 209 318 207 316 206
0 275 322 273 323 269 326 265 330 262 336 262 339 259 342 259 344 260 347 261 350 262 352 264 354 267 354 269 355 271 357 273 358 276 358 278 356 284 355 286 354 290 351 292 348 293 346 294 344 295 341 295 334 292 328 288 324 286 323 283 322
0 319 439 316 440 311 445 310 448 309 455 309 457 310 467 313 473 316 477 317 478 319 479 332 479 336 478 338 477 340 476 347 469 350 465 350 463 351 461 350 455 349 453 347 450 343 446 341 445 336 444 327 439
0 543 146 540 147 538 148 530 156 529 158 528 160 527 163 527 169 528 174 535 181 537 182 539 183 543 184 548 184 554 181 556 179 557 179 558 178 561 174 562 172 563 170 564 166 564 162 563 157 562 155 559 152 559 151 557 149 551 146
0 616 207 614 208 612 209 609 212 606 213 601 218 600 220 600 232 601 234 602 236 606 241 609 243 611 244 614 245 626 245 629 244 632 242 636 238 637 236 639 231 639 224 637 222 637 218 635 214 633 213 629 212 627 210 623 209
0 568 307 562 310 558 313 555 317 554 319 553 322 553 332 554 338 561 345 563 346 565 347 568 348 573 349 575 349 577 348 580 346 583 344 585 342 586 340 586 338 589 334 591 330 592 326 592 323 591 317 589 314 586 311 581 308 578 307
0 570 323 565 324 562 325 560 326 559 328 558 331 555 332 554 334 554 336 552 339 551 344 551 348 552 353 553 356 556 359 559 361 563 362 567 362 571 361 574 360 581 353 584 348 585 346 586 343 586 339 587 335 588 334 588 332 586 329 582 325 580 324 578 323
0 50 295 47 296 45 297 43 298 38 303 37 305 36 308 36 317 38 321 40 323 43 324 48 328 50 329 61 329 66 325 70 321 72 311 70 308 67 305 65 300 63 298 60 296 56 295
1 57 306 55 307 50 312 49 315 49 320 47 323 47 326 48 328 50 330 51 332 51 334 52 336 56 340 58 341 66 341 68 340 70 338 70 337 72 335 74 334 77 334 80 331 81 329 82 325 82 322 81 318 80 316 79 314 76 311 72 310 68 306 66 305
0 237 4 235 5 231 9 230 11 229 13 228 16 228 20 229 27 231 30 231 35 232 38 233 40 234 42 238 46 241 47 247 47 249 46 251 45 255 41 256 39 257 36 258 33 258 27 259 26 259 21 258 16 257 14 256 12 249 5 243 4 239 4
0 371 213 371 214 366 215 363 217 360 220 357 222 354 226 353 231 354 234 356 237 360 241 363 243 368 246 375 246 381 245 384 244 386 243 389 240 391 240 395 236 397 233 398 230 398 224 397 222 393 218 391 217 386 215 383 214 379 214 375 212
0 528 167 526 168 524 170 521 171 520 172 520 173 518 175 516 180 515 186 516 191 518 196 521 201 523 203 526 205 528 206 537 206 539 205 541 204 544 201 546 198 547 196 548 194 549 190 550 186 550 183 549 181 549 178 548 175 546 173 542 170 538 168 534 167
0 425 163 420 165 418 166 415 168 413 171 412 173 411 176 411 186 412 188 415 192 415 194 416 196 418 199 421 201 424 203 427 204 432 204 436 203 440 201 445 195 446 192 447 187 446 180 445 177 444 175 443 173 441 170 436 165 431 163
0 638 187 634 184 629 182 625 183 619 185 614 190 610 194 610 201 613 209 619 215 625 220 631 221 637 220 639 218 639 218
0 0 0 0 18 2 19 11 19 14 18 16 17 19 15 22 12 24 9 24 7 25 5 28 2 31 0
0 60 0 61 2 61 4 66 9 68 10 73 11 80 12 83 12 84 11 88 11 91 10 93 9 95 8 102 0
0 0 93 0 128 4 128 6 127 8 126 11 124 13 121 14 119 15 116 16 113 16 110 15 106 14 103 12 100 7 95 5 94 3 93
0 0 386 0 423 6 422 8 421 10 420 15 415 16 413 17 411 17 400 16 395 15 393 10 388 8 387 6 386
0 243 459 242 460 240 460 238 462 237 464 236 466 235 469 235 475 236 476 236 478 238 479 270 477 269 475 267 472 264 468 258 462 255 460 253 459
1 140 459 140 461 141 464 143 467 143 471 145 475 146 479 184 478 181 474 177 472 175 469 174 468 172 467 167 465 163 461 160 459 158 458
0 627 341 624 342 621 345 620 345 618 347 616 350 615 352 614 355 614 364 615 367 617 370 623 376 625 377 629 378 637 378 639 377 639 342 637 341
0 258 0 259 2 259 4 260 6 265 11 268 12 276 12 279 11 281 10 283 9 287 6 291 2 292 0
0 532 0 532 2 535 9 535 13 536 16 537 18 542 23 544 24 552 24 555 23 559 20 563 16 564 14 565 12 566 8 566 0
0 635 94 632 95 630 96 628 97 625 99 622 102 619 106 616 111 617 114 622 124 625 125 628 127 631 128 635 128 639 126 639 94
1 632 81 628 82 625 83 623 84 621 85 615 90 614 91 611 96 611 106 613 110 616 112 622 119 633 118 637 113 639 113 639 82 637 81
0 334 454 327 457 325 457 320 460 316 464 315 467 314 470 314 473 316 475 317 478 319 479 334 478 345 479 361 479 361 472 359 469 354 464 351 463 348 460 344 458 338 455