0 606 83 605 84 603 84 602 85 600 85 599 86 598 86 597 87 596 87 591 92 591 93 589 95 589 96 588 97 588 104 589 105 589 107 590 108 590 109 592 111 592 112 594 114 595 114 596 115 597 115 599 117 601 117 602 118 603 118 604 119 606 119 607 120 616 120 617 119 619 119 620 118 621 118 623 116 624 116 629 111 629 110 630 109 630 107 631 106 631 99 630 98 630 96 628 94 628 93 627 92 627 91 623 87 622 87 621 86 620 86 619 85 617 85 616 84 614 84 613 83
0 562 177 561 178 559 178 558 179 557 179 556 180 555 180 551 184 551 185 550 186 550 188 549 189 549 190 548 191 548 202 549 203 549 205 550 206 550 207 551 208 551 209 555 213 556 213 557 214 559 214 560 215 562 215 563 216 568 216 569 215 571 215 572 214 574 214 575 213 576 213 578 211 578 210 580 208 580 207 581 206 581 202 582 201 582 192 581 191 581 190 580 189 580 188 579 187 579 186 578 185 578 184 574 180 573 180 571 178 569 178 568 177
0 500 65 499 66 497 66 496 67 495 67 491 71 491 72 490 73 490 74 489 75 489 76 488 77 488 80 487 81 487 87 488 88 488 91 489 92 489 93 490 94 490 95 496 101 497 101 499 103 500 103 501 104 503 104 504 105 509 105 510 104 512 104 519 97 519 96 520 95 520 94 521 93 521 91 522 90 522 78 521 77 521 76 520 75 520 74 519 73 519 72 515 68 514 68 513 67 512 67 511 66 509 66 508 65
0 600 162 599 163 597 163 596 164 594 164 593 165 592 165 589 168 588 168 586 170 586 173 585 174 585 182 586 183 586 185 588 187 588 188 593 193 594 193 596 195 597 195 598 196 600 196 601 197 605 197 606 196 609 196 610 195 612 195 614 193 615 193 617 191 617 190 618 189 618 188 619 187 619 185 620 184 620 176 619 175 619 174 618 173 618 172 617 171 617 170 612 165 611 165 610 164 608 164 607 163 605 163 604 162
0 529 118 528 119 526 119 525 120 524 120 523 121 522 121 521 122 520 122 517 125 517 126 516 127 516 129 515 130 515 132 514 133 514 138 515 139 515 141 516 142 516 143 519 146 519 147 522 150 523 150 525 152 527 152 528 153 539 153 540 152 542 152 549 145 549 144 550 143 550 142 551 141 551 130 550 129 550 128 549 127 549 126 544 121 543 121 542 120 540 120 539 119 537 119 536 118
0 286 114 285 115 283 115 282 116 280 116 278 118 277 118 276 119 275 119 272 122 272 123 271 124 271 125 270 126 270 127 269 128 269 136 270 137 270 139 276 145 277 145 278 146 280 146 281 147 290 147 291 146 293 146 294 145 296 145 297 144 298 144 304 138 304 137 305 136 305 134 306 133 306 127 305 126 305 124 304 123 304 122 303 121 303 120 301 118 300 118 298 116 297 116 296 115 294 115 293 114
0 533 29 532 30 530 30 529 31 527 31 526 32 525 32 523 34 523 35 520 38 520 39 519 40 519 41 518 42 518 53 519 54 519 55 521 57 521 58 523 60 524 60 525 61 527 61 528 62 532 62 533 63 535 63 536 62 539 62 540 61 542 61 543 60 544 60 545 59 546 59 549 56 549 55 551 53 551 52 552 51 552 48 553 47 553 42 552 41 552 38 551 37 551 36 550 35 550 34 547 31 546 31 545 30 543 30 542 29
0 387 20 386 21 384 21 383 22 381 22 379 24 378 24 371 31 371 32 369 34 369 36 368 37 368 49 369 50 369 52 370 53 370 54 376 60 377 60 378 61 379 61 380 62 382 62 383 63 392 63 393 62 395 62 396 61 398 61 399 60 400 60 401 59 402 59 404 57 404 56 406 54 406 53 407 52 407 51 408 50 408 49 409 48 409 38 408 37 408 35 407 34 407 33 406 32 406 31 405 30 405 29 399 23 398 23 396 21 394 21 393 20
0 419 114 418 115 416 115 415 116 414 116 413 117 412 117 405 124 405 125 402 128 402 134 406 138 407 138 416 147 418 147 419 148 420 148 421 147 433 147 434 146 436 146 441 141 441 139 442 138 442 130 441 129 441 125 439 123 439 122 438 121 438 120 435 117 434 117 433 116 432 116 431 115 429 115 428 114
0 109 218 108 219 106 219 105 220 103 220 102 221 101 221 100 222 99 222 94 227 94 228 93 229 93 230 92 231 92 240 93 241 93 242 94 243 94 246 100 252 102 252 103 253 104 253 105 254 107 254 108 255 111 255 112 256 120 256 121 255 123 255 124 254 126 254 133 247 133 246 134 245 134 244 135 243 135 232 134 231 134 229 131 226 131 225 129 223 128 223 127 222 126 222 124 220 122 220 121 219 116 219 115 218
0 209 294 208 295 206 295 205 296 204 296 203 297 202 297 201 298 200 298 197 301 197 302 194 305 194 306 193 307 193 309 192 310 192 322 193 323 193 325 194 326 194 328 203 337 204 337 205 338 207 338 208 339 218 339 219 338 221 338 222 337 223 337 230 330 230 329 231 328 231 325 232 324 232 315 231 314 231 312 230 311 230 310 227 307 227 306 222 301 222 300 218 296 217 296 216 295 214 295 213 294
0 172 227 171 228 169 228 164 233 164 235 163 236 163 237 162 238 162 246 163 247 163 250 165 252 165 253 167 255 168 255 169 256 170 256 171 257 172 257 173 258 175 258 176 259 178 259 179 260 181 260 182 259 184 259 185 258 186 258 191 253 191 252 192 251 192 250 193 249 193 235 192 234 192 233 187 228 185 228 184 227
0 184 412 183 413 179 413 178 414 176 414 175 415 174 415 173 416 172 416 166 422 166 423 165 424 165 426 164 427 164 434 165 435 165 436 166 437 166 438 174 446 176 446 177 447 185 447 186 446 188 446 192 442 194 442 197 439 197 438 198 437 199 437 201 435 201 429 200 428 200 423 199 422 199 421 198 420 198 419 195 416 194 416 193 415 192 415 191 414 189 414 188 413 186 413 185 412
0 255 443 254 444 252 444 251 445 250 445 249 446 248 446 243 451 243 452 242 453 242 455 241 456 241 457 240 458 240 467 241 468 241 469 242 470 242 471 248 477 250 477 251 478 258 478 259 479 265 479 266 478 268 478 269 477 270 477 273 474 273 473 275 471 275 469 276 468 276 457 275 456 275 454 274 453 274 452 273 451 273 450 268 445 267 445 266 444 264 444 263 443
0 295 440 294 441 292 441 291 442 289 442 284 447 284 448 283 449 283 460 285 462 285 463 286 464 286 465 288 467 288 468 290 470 291 470 293 472 295 472 296 473 301 473 302 474 303 473 305 473 306 472 308 472 309 471 310 471 314 467 314 466 316 464 316 461 317 460 317 455 316 454 316 452 315 451 315 450 313 448 313 447 308 442 306 442 305 441 303 441 302 440
0 329 150 328 151 326 151 324 153 324 157 325 158 325 170 324 171 324 173 323 174 323 175 322 176 322 177 321 178 321 179 320 180 320 186 322 188 324 188 325 189 332 189 333 188 335 188 336 187 337 187 343 181 343 180 344 179 344 178 345 177 345 174 346 173 346 164 345 163 345 162 344 161 344 160 337 153 336 153 335 152 334 152 333 151 331 151 330 150
0 301 150 300 151 298 151 297 152 295 152 294 153 293 153 287 159 287 160 286 161 286 164 285 165 285 169 286 170 286 173 287 174 287 175 288 176 288 177 292 181 293 181 294 182 295 182 296 183 298 183 299 184 310 184 311 183 313 183 314 182 316 182 317 181 318 181 320 179 320 177 322 175 322 174 323 173 323 170 324 169 324 158 322 156 322 155 320 153 319 153 318 152 316 152 315 151 313 151 312 150
0 180 146 179 147 177 147 176 148 175 148 172 151 172 152 171 153 171 154 170 155 170 157 169 158 169 164 170 165 170 168 171 169 171 171 176 176 177 176 178 177 180 177 181 178 185 178 186 177 188 177 189 176 191 176 193 174 194 174 196 172 196 171 198 169 198 167 199 166 199 164 200 163 200 155 199 154 199 152 194 147 192 147 191 146
0 243 178 242 179 240 179 237 182 236 182 233 185 233 186 231 188 231 189 230 190 230 192 229 193 229 197 230 198 230 201 231 202 231 203 232 204 232 205 236 209 237 209 238 210 239 210 240 211 242 211 243 212 248 212 249 211 252 211 253 210 255 210 256 209 258 209 264 203 264 202 265 201 265 198 266 197 266 192 265 191 265 188 264 187 264 186 263 185 263 184 260 181 259 181 257 179 255 179 254 178
0 42 144 41 145 39 145 37 147 36 147 32 151 31 151 29 153 29 154 28 155 28 156 27 157 27 159 26 160 26 169 27 170 27 172 34 179 36 179 37 180 47 180 48 179 50 179 52 177 53 177 55 175 56 175 60 171 60 170 61 169 61 168 62 167 62 165 63 164 63 154 61 152 61 151 57 147 56 147 55 146 53 146 52 145 49 145 48 144
0 105 313 104 314 102 314 101 315 100 315 94 321 94 322 93 323 93 324 92 325 92 334 93 335 93 336 94 337 94 338 95 339 95 340 98 343 99 343 101 345 103 345 104 346 106 346 107 347 112 347 113 346 115 346 116 345 117 345 121 341 121 340 123 338 123 328 122 327 122 325 121 324 121 321 114 314 112 314 111 313
0 143 304 142 305 140 305 139 306 137 306 134 309 134 310 132 312 132 313 131 314 131 318 130 319 130 323 131 324 131 326 132 327 132 328 135 331 135 332 137 334 138 334 140 336 142 336 143 337 149 337 150 336 152 336 153 335 154 335 156 333 157 333 159 331 159 330 160 329 160 328 161 327 161 315 160 314 160 313 159 312 159 311 156 308 155 308 153 306 151 306 150 305 147 305 146 304
0 435 8 434 9 432 9 431 10 429 10 428 11 426 11 425 12 424 12 420 16 420 17 418 19 418 20 417 21 417 22 416 23 416 33 418 35 418 36 420 38 420 39 422 41 422 42 424 44 425 44 426 45 427 45 428 46 430 46 431 47 433 47 434 48 438 48 439 47 442 47 443 46 445 46 446 45 447 45 454 38 454 36 455 35 455 34 456 33 456 27 455 26 455 22 454 21 454 20 453 19 453 18 447 12 446 12 445 11 443 11 442 10 440 10 439 9 437 9 436 8
0 182 107 181 108 179 108 178 109 177 109 176 110 174 110 170 114 170 115 169 116 169 117 168 118 168 121 167 122 167 126 168 127 168 128 169 129 169 130 170 131 170 132 173 135 175 135 176 136 183 136 184 137 187 137 188 136 190 136 191 135 195 135 196 134 198 134 201 131 201 130 202 129 202 128 203 127 203 123 202 122 202 119 201 118 201 116 199 114 199 113 197 111 196 111 195 110 194 110 192 108 190 108 189 107
0 228 215 227 216 225 216 224 217 223 217 221 219 220 219 219 220 218 220 216 222 216 223 214 225 214 227 213 228 213 243 214 244 214 245 215 246 215 247 222 254 224 254 225 255 227 255 228 256 235 256 236 255 238 255 239 254 241 254 242 253 243 253 247 249 247 248 249 246 249 245 250 244 250 241 251 240 251 232 250 231 250 229 249 228 249 226 245 222 245 221 242 218 241 218 240 217 239 217 238 216 236 216 235 215
0 584 446 583 447 580 447 579 448 577 448 576 449 575 449 571 453 571 454 569 456 569 457 568 458 568 468 569 469 569 471 570 472 570 474 574 478 600 478 603 475 603 473 604 472 604 471 607 468 608 468 610 466 610 462 609 461 609 460 608 459 608 457 603 452 602 452 599 449 597 449 596 448 594 448 593 447 589 447 588 446
0 146 19 145 20 143 20 142 21 141 21 134 28 134 29 133 30 133 33 132 34 132 44 133 45 133 47 135 49 135 50 136 51 136 52 137 53 137 54 139 56 140 56 142 58 143 58 145 60 147 60 148 61 152 61 153 62 155 62 156 61 158 61 159 60 161 60 162 59 163 59 167 55 167 54 169 52 169 50 170 49 170 47 171 46 171 43 172 42 172 38 171 37 171 34 170 33 170 32 169 31 169 30 168 29 168 28 162 22 161 22 160 21 159 21 158 20 156 20 155 19
0 373 78 372 79 370 79 369 80 367 80 361 86 361 87 360 88 360 89 359 90 359 91 358 92 358 100 359 101 359 103 361 105 361 106 366 111 367 111 368 112 370 112 371 113 379 113 380 112 382 112 383 111 384 111 385 110 386 110 391 105 391 104 392 103 392 101 393 100 393 95 394 94 394 90 393 89 393 88 391 86 391 85 387 81 386 81 385 80 384 80 383 79 381 79 380 78
0 443 358 442 359 440 359 439 360 438 360 436 362 436 363 435 364 435 366 434 367 434 375 435 376 435 378 436 379 436 381 437 382 437 384 441 388 442 388 444 390 446 390 447 391 449 391 450 392 455 392 456 391 458 391 459 390 461 390 463 388 463 386 464 385 464 383 465 382 465 374 464 373 464 370 463 369 463 368 462 367 462 366 458 362 457 362 456 361 455 361 454 360 453 360 452 359 450 359 449 358
0 194 30 193 31 191 31 190 32 188 32 187 33 186 33 180 39 180 40 179 41 179 42 178 43 178 48 177 49 177 54 178 55 178 58 179 59 179 60 180 61 180 62 183 65 184 65 185 66 186 66 187 67 189 67 190 68 196 68 197 67 199 67 200 66 201 66 205 62 205 61 206 60 206 59 208 57 208 55 209 54 209 51 210 50 210 46 209 45 209 41 208 40 208 39 207 38 207 37 206 36 206 35 203 32 201 32 200 31 198 31 197 30
0 227 12 226 13 224 13 223 14 222 14 221 15 220 15 216 19 216 20 214 22 214 23 213 24 213 26 212 27 212 33 213 34 213 36 214 37 214 38 215 39 215 40 218 43 218 44 220 46 221 46 222 47 224 47 225 48 228 48 229 49 232 49 233 48 235 48 236 47 238 47 239 46 240 46 244 42 244 41 246 39 246 37 247 36 247 24 246 23 246 22 245 21 245 20 239 14 238 14 237 13 235 13 234 12
0 11 31 10 32 8 32 7 33 5 33 0 38 0 62 1 63 1 64 3 66 4 66 7 69 9 69 10 70 13 70 14 69 17 69 18 68 20 68 21 67 23 67 27 63 27 62 28 61 28 59 29 58 29 49 30 48 30 41 28 39 28 38 22 32 20 32 19 31
0 243 81 242 82 240 82 239 83 238 83 237 84 236 84 233 87 233 88 232 89 232 90 231 91 231 92 230 93 230 95 229 96 229 104 230 105 230 106 231 107 231 108 232 109 232 110 234 112 234 113 236 115 237 115 239 117 241 117 242 118 245 118 246 117 249 117 250 116 252 116 253 115 254 115 257 112 257 111 259 109 259 108 260 107 260 106 261 105 261 95 260 94 260 93 259 92 259 90 254 85 253 85 251 83 250 83 249 82 247 82 246 81
0 93 156 92 157 90 157 89 158 88 158 87 159 86 159 82 163 82 164 81 165 81 167 80 168 80 169 79 170 79 172 78 173 78 175 77 176 77 182 78 183 78 184 79 185 79 186 85 192 86 192 87 193 89 193 90 194 97 194 98 195 99 194 101 194 104 191 104 190 112 182 112 181 114 179 114 172 112 170 112 168 111 167 111 166 110 165 110 164 104 158 103 158 102 157 100 157 99 156
0 449 313 448 314 445 314 444 315 442 315 441 316 440 316 439 317 438 317 433 322 433 323 432 324 432 326 431 327 431 331 430 332 430 338 431 339 431 341 435 345 436 345 437 346 438 346 439 347 441 347 442 348 444 348 445 349 448 349 449 348 455 348 456 347 458 347 459 346 461 346 463 344 464 344 468 340 468 339 470 337 470 336 471 335 471 323 470 322 470 321 465 316 464 316 463 315 461 315 460 314 456 314 455 313
0 300 362 299 363 297 363 296 364 295 364 294 365 293 365 291 367 291 368 289 370 289 371 288 372 288 375 287 376 287 384 288 385 288 386 293 391 294 391 295 392 297 392 298 393 304 393 305 392 308 392 309 391 311 391 312 390 314 390 316 388 316 387 317 386 317 382 318 381 318 376 317 375 317 372 316 371 316 369 315 368 315 367 313 365 312 365 310 363 308 363 307 362
0 510 423 509 424 503 424 502 425 500 425 492 433 492 436 491 437 491 447 492 448 492 449 493 450 493 451 500 458 501 458 502 459 504 459 505 460 511 460 512 459 514 459 515 458 516 458 517 457 518 457 520 455 521 455 524 452 524 451 525 450 525 449 526 448 526 436 525 435 525 434 524 433 524 432 523 431 523 430 520 427 519 427 517 425 515 425 514 424 512 424 511 423
0 550 221 549 222 547 222 546 223 544 223 543 224 542 224 538 228 538 229 537 230 537 231 536 232 536 242 537 243 537 244 538 245 538 246 544 252 545 252 546 253 548 253 549 254 556 254 557 253 559 253 560 252 561 252 562 251 563 251 565 249 566 249 568 247 568 246 571 243 571 242 572 241 572 234 571 233 571 231 564 224 563 224 562 223 561 223 560 222 558 222 557 221
0 506 312 505 313 501 313 500 314 498 314 493 319 493 320 492 321 492 323 491 324 491 336 492 337 492 338 493 339 493 340 494 341 494 342 502 350 504 350 505 351 511 351 512 350 514 350 515 349 516 349 521 344 521 343 523 341 523 340 524 339 524 338 525 337 525 326 524 325 524 324 523 323 523 322 521 320 521 319 519 317 518 317 516 315 515 315 514 314 513 314 512 313 510 313 509 312
0 622 255 621 256 619 256 618 257 617 257 616 258 615 258 614 259 613 259 610 262 610 263 609 264 609 266 608 267 608 268 607 269 607 277 608 278 608 280 609 281 609 282 612 285 612 286 615 289 616 289 617 290 619 290 620 291 627 291 628 290 630 290 631 289 632 289 633 288 635 288 637 286 638 286 639 285 639 261 635 257 634 257 633 256 631 256 630 255
0 463 419 462 420 460 420 459 421 458 421 454 425 454 426 453 427 453 428 452 429 452 441 453 442 453 444 455 446 455 447 460 452 461 452 462 453 464 453 465 454 467 454 468 455 473 455 474 454 476 454 477 453 478 453 482 449 482 448 483 447 483 444 484 443 484 434 483 433 483 431 482 430 482 429 481 428 481 427 475 421 474 421 473 420 471 420 470 419
0 305 269 304 270 301 270 300 271 298 271 296 273 295 273 293 275 293 276 291 278 291 280 290 281 290 286 289 287 289 291 290 292 290 295 291 296 291 298 292 299 292 300 293 301 293 302 294 303 294 304 297 307 298 307 300 309 301 309 302 310 304 310 305 311 317 311 318 310 320 310 327 303 327 302 328 301 328 297 329 296 329 286 328 285 328 282 327 281 327 279 323 275 322 275 321 274 320 274 318 272 317 272 316 271 314 271 313 270 311 270 310 269
0 308 224 307 225 303 225 302 226 300 226 293 233 293 234 291 236 291 251 292 252 292 254 295 257 295 258 298 261 299 261 300 262 301 262 302 263 304 263 305 264 307 264 308 263 311 263 312 262 314 262 315 261 317 261 319 259 319 258 323 254 323 253 324 252 324 250 325 249 325 238 324 237 324 235 323 234 323 232 319 228 318 228 316 226 314 226 313 225 311 225 310 224
0 593 388 592 389 590 389 589 390 587 390 584 393 583 393 582 394 581 394 579 396 579 397 577 399 577 400 576 401 576 403 575 404 575 413 576 414 576 416 584 424 585 424 586 425 588 425 589 426 598 426 599 425 601 425 602 424 604 424 605 423 606 423 608 421 609 421 611 419 611 418 613 416 613 415 614 414 614 413 615 412 615 399 614 398 614 397 612 395 612 394 608 390 607 390 606 389 604 389 603 388
0 419 250 418 251 416 251 415 252 413 252 412 253 411 253 409 255 408 255 405 258 405 259 404 260 404 262 403 263 403 270 404 271 404 273 406 275 406 276 410 280 411 280 412 281 413 281 414 282 416 282 417 283 427 283 428 282 430 282 431 281 432 281 438 275 438 274 439 273 439 270 440 269 440 263 439 262 439 258 437 256 436 256 435 255 434 255 431 252 430 252 429 251 427 251 426 250
0 384 388 383 389 381 389 377 393 377 394 376 395 376 396 375 397 375 399 374 400 374 409 375 410 375 413 376 414 376 415 377 416 377 417 380 420 380 421 383 424 384 424 385 425 386 425 387 426 389 426 390 427 398 427 399 426 401 426 402 425 404 425 408 421 408 420 409 419 409 418 410 417 410 416 411 415 411 406 410 405 410 403 409 402 409 401 407 399 407 398 401 392 400 392 399 391 398 391 397 390 395 390 394 389 391 389 390 388
0 546 357 545 358 543 358 540 361 539 361 537 363 537 365 535 367 535 368 534 369 534 381 535 382 535 384 537 386 537 387 543 393 545 393 546 394 549 394 550 395 555 395 556 394 558 394 559 393 561 393 566 388 566 387 567 386 567 385 568 384 568 383 569 382 569 374 568 373 568 370 567 369 567 368 564 365 564 364 562 362 561 362 559 360 558 360 557 359 556 359 555 358 553 358 552 357
0 249 338 248 339 246 339 245 340 244 340 243 341 242 341 238 345 238 346 237 347 237 348 236 349 236 351 235 352 235 359 236 360 236 362 237 363 237 364 238 365 238 366 242 370 244 370 245 371 247 371 248 372 255 372 256 371 258 371 259 370 261 370 266 365 266 364 267 363 267 362 268 361 268 351 267 350 267 348 266 347 266 345 260 339 258 339 257 338
0 246 390 245 391 243 391 242 392 241 392 239 394 238 394 235 397 235 399 234 400 234 402 233 403 233 417 234 418 234 419 235 420 235 421 236 422 236 423 238 425 239 425 240 426 241 426 242 427 243 427 244 428 246 428 247 429 253 429 254 428 256 428 257 427 258 427 260 425 261 425 264 422 264 421 266 419 266 417 267 416 267 413 268 412 268 408 267 407 267 403 266 402 266 400 265 399 265 398 261 394 260 394 258 392 257 392 256 391 254 391 253 390
0 94 422 93 423 91 423 89 425 87 425 85 427 84 427 81 430 81 431 79 433 79 434 78 435 78 436 77 437 77 447 78 448 78 449 79 450 79 451 84 456 85 456 87 458 89 458 90 459 95 459 96 460 99 460 100 459 102 459 103 458 104 458 105 457 107 457 108 456 109 456 111 454 112 454 116 450 116 449 117 448 117 447 119 445 119 444 120 443 120 434 119 433 119 432 118 431 118 430 112 424 111 424 110 423 108 423 107 422
0 55 209 54 210 52 210 51 211 49 211 42 218 42 219 41 220 41 221 40 222 40 234 41 235 41 237 43 239 43 240 50 247 51 247 52 248 54 248 55 249 57 249 58 250 63 250 64 249 66 249 67 248 68 248 70 246 71 246 74 243 74 242 76 240 76 238 77 237 77 235 78 234 78 227 77 226 77 223 76 222 76 221 75 220 75 219 68 212 67 212 66 211 65 211 64 210 62 210 61 209
0 338 209 337 210 335 210 334 211 333 211 330 214 330 215 328 217 328 228 329 229 329 230 330 231 330 232 333 235 334 235 335 236 337 236 338 237 340 237 341 238 343 238 344 239 349 239 350 238 352 238 354 236 355 236 357 234 357 228 358 227 358 223 357 222 357 218 356 217 356 215 355 214 355 213 353 211 352 211 351 210 349 210 348 209
0 239 269 238 270 236 270 235 271 234 271 233 272 231 272 229 274 229 275 227 277 227 278 226 279 226 280 225 281 225 292 226 293 226 294 229 297 229 298 234 303 235 303 236 304 238 304 239 305 241 305 242 306 245 306 246 305 248 305 250 303 251 303 252 302 253 302 254 301 255 301 258 298 258 297 259 296 259 295 260 294 260 292 261 291 261 280 260 279 260 278 253 271 252 271 251 270 249 270 248 269
0 392 289 391 290 389 290 388 291 386 291 385 292 384 292 380 296 380 297 378 299 378 300 377 301 377 302 376 303 376 309 377 310 377 312 378 313 378 314 383 319 385 319 386 320 388 320 389 321 393 321 394 322 400 322 401 321 403 321 404 320 405 320 406 319 408 319 413 314 413 313 414 312 414 311 415 310 415 301 414 300 414 298 413 297 413 296 409 292 408 292 407 291 406 291 405 290 403 290 402 289
0 8 410 7 411 4 411 3 412 1 412 0 413 0 448 1 448 2 449 5 449 6 450 9 450 10 451 18 451 19 450 21 450 23 448 24 448 29 443 29 442 30 441 30 440 32 438 32 436 33 435 33 427 32 426 32 423 31 422 31 421 25 415 24 415 22 413 21 413 20 412 18 412 17 411 14 411 13 410
0 168 357 167 358 165 358 164 359 162 359 161 360 156 360 155 361 153 361 151 363 151 364 147 368 147 369 146 370 146 371 145 372 145 373 144 374 144 383 145 384 145 387 146 388 146 389 150 393 151 393 152 394 154 394 155 395 161 395 162 394 164 394 165 393 166 393 167 392 168 392 178 382 178 380 179 379 179 367 177 365 177 364 176 363 176 362 172 358 170 358 169 357
0 26 282 25 283 23 283 21 285 20 285 15 290 15 291 14 292 14 293 13 294 13 303 14 304 14 305 15 306 15 307 16 308 16 310 20 314 21 314 22 315 23 315 24 316 26 316 27 317 34 317 35 316 37 316 38 315 39 315 40 314 41 314 42 313 43 313 45 311 45 310 46 309 46 308 47 307 47 306 48 305 48 304 49 303 49 297 48 296 48 295 47 294 47 292 46 291 46 290 41 285 40 285 39 284 38 284 37 283 35 283 34 282
0 512 206 511 207 507 207 506 208 504 208 503 209 502 209 495 216 495 217 494 218 494 219 493 220 493 224 492 225 492 233 493 234 493 237 500 244 502 244 503 245 514 245 515 244 517 244 520 241 521 241 526 236 526 235 527 234 527 233 528 232 528 230 529 229 529 226 530 225 530 220 529 219 529 217 528 216 528 215 526 213 526 212 523 209 522 209 521 208 519 208 518 207 514 207 513 206
0 265 0 263 2 262 4 261 7 261 13 262 16 263 18 265 21 268 24 270 25 272 26 275 27 284 27 288 26 294 23 297 23 301 21 303 18 306 12 306 4 304 0
0 32 40 31 41 27 43 25 46 23 50 22 54 22 59 22 62 24 66 23 66 24 68 25 70 31 76 34 76 36 78 43 78 46 77 49 76 54 71 55 69 56 67 56 62 55 57 54 54 53 52 50 48 45 43 43 42 41 41 36 40
0 51 61 48 63 43 63 38 65 34 68 33 73 31 76 31 81 32 84 33 86 37 90 41 93 43 94 49 95 53 94 56 93 61 89 62 89 63 88 66 83 66 73 65 71 64 69 60 65 58 65 55 62 53 61
0 275 54 273 55 269 59 267 62 266 65 266 72 267 75 268 77 270 80 275 85 277 86 279 87 283 88 287 88 291 87 294 85 297 82 298 80 299 78 300 74 300 71 299 67 298 64 297 62 292 57 290 56 288 55 282 54
0 335 110 332 111 329 112 327 114 326 114 325 115 325 116 323 118 322 120 321 123 321 131 322 134 323 136 329 142 331 143 333 144 336 145 347 145 353 142 357 138 358 136 359 134 360 131 360 126 359 123 358 121 357 119 354 116 350 113 344 110
0 114 108 110 110 108 113 108 117 109 119 112 122 114 123 118 124 124 124 129 123 132 122 134 120 135 118 134 116 133 115 131 114 129 113 116 108
0 520 247 516 248 514 250 512 253 510 256 510 258 507 263 503 267 502 269 501 271 501 282 503 284 504 287 508 290 513 293 517 294 520 294 524 292 525 289 527 287 530 287 533 286 535 284 536 282 536 276 534 273 535 267 538 265 539 263 538 257 537 255 531 249 529 248 526 247
0 549 315 546 316 543 317 541 318 536 323 535 325 534 327 533 331 533 337 534 341 535 343 539 347 545 350 551 351 556 350 559 349 561 348 567 342 568 340 569 337 569 328 568 325 567 323 562 318 560 317 558 316 555 315
0 546 415 543 416 541 417 533 424 532 426 532 434 533 438 534 440 536 442 537 442 538 443 539 446 542 449 547 451 554 451 560 448 563 445 566 440 567 438 568 435 568 427 566 424 564 421 561 418 559 417 557 416 553 415
0 608 430 606 431 605 432 602 435 601 436 600 438 599 442 596 443 595 446 592 449 593 461 595 464 597 465 599 469 607 468 611 469 614 468 616 467 619 465 623 461 623 458 624 456 625 455 628 454 629 452 630 450 630 443 629 440 628 437 626 434 624 432 622 431 620 430 614 429
0 410 430 405 433 402 433 400 434 398 436 397 436 396 437 396 438 394 440 393 442 392 445 392 449 393 453 395 456 397 459 400 461 403 463 405 464 407 465 410 466 414 466 417 465 419 464 423 460 428 453 429 451 429 446 426 443 424 438 417 431 415 430
0 289 321 286 322 280 325 278 328 277 330 276 332 275 335 275 348 277 352 279 354 281 355 283 356 292 356 298 355 302 351 305 346 306 343 306 334 305 330 304 328 302 325 300 323 298 322 295 321
0 341 318 338 319 336 320 334 321 328 327 327 329 326 331 325 335 325 346 327 351 330 355 331 356 332 356 334 358 336 359 342 360 347 359 349 358 351 357 357 351 358 349 361 339 361 332 360 329 359 327 357 324 354 321 351 319 347 318
0 381 330 378 331 376 332 374 333 369 338 368 341 368 353 372 358 373 359 377 362 379 363 382 364 386 365 391 365 394 364 400 361 403 358 404 356 405 353 405 344 404 342 403 340 401 337 397 333 395 332 393 331 390 330
0 108 173 107 173 106 174 105 176 104 178 102 183 102 186 100 188 100 191 98 193 99 197 100 200 101 202 107 208 109 209 113 210 119 210 124 209 127 208 132 204 134 201 135 199 136 196 136 188 135 184 134 182 133 180 128 175 125 173 122 172 117 172 116 173 110 172
0 381 211 378 212 372 215 369 218 366 222 365 224 364 226 364 233 365 236 366 238 368 241 372 243 375 246 378 247 387 247 389 246 394 243 397 240 398 238 399 236 400 233 400 226 399 223 397 220 395 217 392 214 390 213 387 212 384 211
0 602 35 597 37 595 38 590 43 588 46 587 48 586 51 586 61 587 64 588 66 594 72 596 73 598 74 601 75 609 75 613 74 615 73 623 65 624 63 625 61 626 57 626 53 625 49 624 46 623 44 616 37 614 36 611 35
0 550 66 546 67 544 68 542 69 541 70 541 71 539 73 538 75 537 79 537 86 538 90 539 92 540 94 543 98 547 101 549 102 552 103 560 103 563 102 565 101 568 98 570 95 571 93 572 87 572 84 571 80 568 74 565 71 560 68 554 66
0 493 138 490 139 487 140 485 141 483 145 480 148 479 151 478 156 479 161 480 164 481 166 482 168 486 172 489 174 491 175 495 176 503 176 507 174 509 172 513 167 514 165 515 161 515 156 514 151 513 149 510 147 506 142 504 141 502 140 499 139 496 138
0 428 131 422 133 420 135 415 141 414 143 415 150 413 153 412 160 412 163 413 166 420 173 422 174 426 175 432 175 435 174 438 173 441 171 448 164 450 161 451 159 452 157 453 153 453 146 452 143 451 141 447 137 444 136 441 132 437 132 436 131
0 196 434 192 435 188 435 184 436 181 438 179 441 178 443 175 446 174 449 174 453 175 456 176 458 178 461 180 463 183 465 185 466 187 467 191 468 196 468 201 466 203 464 205 464 208 461 210 458 211 456 212 454 213 450 213 446 212 443 210 440 207 437 203 434 201 433
0 506 0 503 3 502 5 501 8 502 13 504 17 506 19 509 21 515 24 523 24 526 23 528 22 534 16 536 13 537 8 537 6 536 5 536 2 535 0
1 115 56 109 59 105 63 103 68 103 74 105 77 106 80 109 81 112 85 114 86 116 87 119 88 128 88 130 87 132 86 138 81 139 80 140 78 140 76 138 72 138 68 137 66 135 63 132 60 129 58 127 57 124 56
0 128 71 125 73 119 73 116 75 115 77 115 79 113 81 114 86 113 94 116 100 119 103 121 104 123 105 127 106 134 106 137 105 139 104 144 99 145 97 146 95 146 86 144 81 139 75 137 73 135 72 131 71
1 503 150 498 154 497 155 497 156 495 158 495 160 496 162 496 169 498 169 500 171 500 175 503 180 507 184 509 185 511 186 520 186 525 183 526 182 526 181 530 176 531 174 532 170 532 163 531 159 530 157 528 155 525 154 520 150
0 98 241 96 242 95 245 91 249 90 251 89 253 88 256 88 259 89 263 90 265 91 267 93 270 96 273 98 274 103 276 113 276 117 275 119 274 121 273 124 270 126 267 127 263 127 258 126 257 126 253 127 252 126 248 124 247 122 247 117 243 114 242 103 242 101 240
0 168 268 166 269 164 270 161 273 161 274 157 278 156 280 156 283 155 284 155 286 156 287 156 290 163 297 168 301 170 302 178 302 180 301 192 292 195 289 195 282 194 278 192 275 192 273 191 271 189 270 186 270 184 268
0 193 261 191 262 187 266 183 268 179 272 178 278 180 279 181 280 182 282 183 287 186 290 186 293 188 293 192 291 196 291 199 290 203 288 205 286 207 283 208 281 209 278 209 272 208 269 207 267 203 263 201 262 199 261
0 448 382 446 382 441 383 439 385 439 386 438 387 434 389 433 391 432 393 431 396 431 405 432 407 433 409 436 412 438 413 442 414 449 414 451 413 453 412 458 407 461 403 462 401 463 397 463 385 460 385 459 382 457 381 455 381 451 381
0 428 418 432 419 438 422 442 427 445 431 445 437 443 444 440 450 435 453 431 454 425 455 418 454 415 452 412 450 410 445 409 440 409 435 410 430 413 424 417 420 422 419
0 337 370 333 366 328 365 321 365 315 366 308 368 304 371 302 374 300 379 302 385 307 389 314 391 322 393 329 394 337 394 342 392 345 389 345 383 344 378 343 374
0 456 259 449 257 441 257 435 258 429 260 424 263 420 271 423 280 432 286 440 290 447 293 455 292 461 290 464 287 466 284 466 278 466 273 464 269 462 265
0 4 179 3 180 0 180 0 213 5 213 8 212 10 211 13 209 15 207 17 204 18 202 19 199 19 191 18 187 17 185 13 181 11 180 8 179
0 622 0 622 5 625 11 630 15 632 16 634 17 637 18 639 18 639 0
0 636 115 634 116 630 119 629 120 628 122 627 124 626 127 626 136 627 140 628 142 631 147 635 151 639 153 639 115
0 3 247 2 248 0 248 0 283 9 283 12 282 14 281 17 279 22 274 23 272 24 270 24 261 23 258 22 256 21 254 18 251 12 248 8 247
0 124 459 120 460 117 461 111 464 108 467 105 473 104 476 105 479 145 478 145 471 144 468 141 464 137 461 135 460 131 459
0 0 456 0 479 17 478 16 470 15 466 14 464 9 459 7 458 2 457
1 327 0 328 2 331 5 334 7 336 8 339 9 342 9 343 10 345 10 350 9 352 8 354 7 359 2 360 0