0 338 67 337 68 334 68 333 69 331 69 329 71 328 71 325 74 325 75 323 77 323 78 322 79 322 81 321 82 321 83 320 84 320 95 321 96 321 98 322 99 322 100 323 101 323 102 325 104 325 105 327 107 328 107 329 108 331 108 332 109 339 109 340 108 342 108 343 107 345 107 346 106 347 106 352 101 352 100 353 99 353 93 354 92 354 80 353 79 353 77 352 76 352 75 351 74 351 73 348 70 347 70 346 69 344 69 343 68 340 68 339 67
0 291 115 290 116 288 116 287 117 286 117 278 125 278 126 277 127 277 139 278 140 278 141 279 142 279 143 280 144 280 145 284 149 285 149 286 150 287 150 288 151 290 151 291 152 295 152 296 151 298 151 299 150 300 150 301 149 303 149 304 148 305 148 307 146 307 145 309 143 310 143 312 141 312 140 313 139 313 125 312 124 312 123 311 122 311 121 309 119 308 119 306 117 305 117 304 116 302 116 301 115
0 336 115 335 116 330 116 329 117 327 117 322 122 322 124 320 126 320 142 321 143 321 144 325 148 326 148 327 149 329 149 330 150 332 150 333 151 335 151 336 152 338 152 339 151 342 151 343 150 345 150 346 149 348 149 351 146 351 145 352 144 352 143 354 141 354 123 352 121 352 120 349 117 348 117 347 116 345 116 344 115
0 448 42 447 43 445 43 444 44 442 44 441 45 440 45 439 46 438 46 437 47 436 47 432 51 432 53 431 54 431 68 432 69 432 70 433 71 433 72 435 74 435 75 441 81 442 81 443 82 445 82 446 83 455 83 456 82 459 82 460 81 462 81 464 79 465 79 468 76 468 75 470 73 470 72 471 71 471 67 472 66 472 62 471 61 471 59 470 58 470 57 469 56 469 55 460 46 459 46 458 45 457 45 455 43 453 43 452 42
0 552 134 551 135 547 135 546 136 544 136 542 138 541 138 539 140 539 141 537 143 537 144 536 145 536 147 535 148 535 157 536 158 536 163 537 164 537 165 542 170 543 170 544 171 546 171 547 172 557 172 558 171 560 171 561 170 562 170 563 169 564 169 565 168 566 168 570 164 570 162 571 161 571 160 572 159 572 147 571 146 571 144 570 143 570 142 565 137 563 137 561 135 559 135 558 134
0 599 130 598 131 596 131 595 132 593 132 591 134 590 134 588 136 587 136 582 141 582 142 581 143 581 145 580 146 580 154 581 155 581 157 582 158 582 159 583 160 583 161 589 167 590 167 591 168 592 168 593 169 595 169 596 170 611 170 612 169 614 169 616 167 617 167 618 166 619 166 620 165 621 165 626 160 626 146 625 145 625 144 624 143 624 142 619 137 618 137 617 136 616 136 615 135 614 135 612 133 611 133 610 132 609 132 608 131 606 131 605 130
0 371 170 370 171 368 171 367 172 366 172 365 173 364 173 358 179 358 180 357 181 357 182 356 183 356 197 357 198 357 199 359 201 359 202 363 206 364 206 365 207 367 207 368 208 371 208 372 209 373 208 379 208 380 207 382 207 383 206 384 206 392 198 392 197 393 196 393 193 394 192 394 188 393 187 393 183 392 182 392 181 390 179 390 178 385 173 384 173 383 172 381 172 380 171 378 171 377 170
0 495 31 494 32 492 32 491 33 489 33 484 38 484 39 483 40 483 41 482 42 482 44 481 45 481 47 480 48 480 54 481 55 481 56 482 57 482 58 483 59 483 60 484 61 484 62 485 63 485 64 487 66 488 66 489 67 490 67 491 68 493 68 494 69 496 69 497 70 509 70 510 69 512 69 513 68 514 68 517 65 517 64 519 62 519 61 520 60 520 57 521 56 521 52 522 51 522 47 521 46 521 44 520 43 520 42 519 41 519 40 518 39 518 38 516 36 515 36 513 34 512 34 510 32 508 32 507 31
0 540 45 539 46 536 46 535 47 533 47 531 49 530 49 527 52 527 55 526 56 526 69 527 70 527 72 536 81 537 81 538 82 539 82 540 83 541 83 542 84 544 84 545 85 558 85 559 84 561 84 568 77 568 75 569 74 569 71 570 70 570 66 569 65 569 63 568 62 568 60 567 59 567 58 564 55 564 54 560 50 559 50 557 48 555 48 554 47 552 47 551 46 549 46 548 45
0 539 9 538 10 536 10 534 12 533 12 532 13 531 13 529 15 529 16 528 17 528 18 527 19 527 21 526 22 526 27 527 28 527 30 528 31 528 33 530 35 530 36 534 40 536 40 537 41 540 41 541 42 543 42 544 43 545 43 546 42 547 42 548 43 551 43 552 42 554 42 555 41 557 41 558 40 559 40 561 38 561 37 564 34 564 33 565 32 565 22 564 21 564 19 563 18 563 16 560 13 559 13 558 12 557 12 555 10 553 10 552 9
0 288 171 287 172 284 172 283 173 281 173 280 174 279 174 278 175 277 175 276 176 275 176 274 177 273 177 266 184 266 198 270 202 271 202 273 204 274 204 275 205 276 205 277 206 279 206 280 207 288 207 289 206 293 206 294 205 296 205 297 204 298 204 299 203 300 203 304 199 304 198 306 196 306 195 307 194 307 182 306 181 306 180 305 179 305 177 303 175 302 175 300 173 298 173 297 172 290 172 289 171
0 248 285 247 286 245 286 244 287 242 287 234 295 234 296 232 298 232 299 231 300 231 303 230 304 230 312 231 313 231 314 232 315 232 316 235 319 236 319 238 321 239 321 240 322 242 322 243 323 248 323 249 322 253 322 254 321 256 321 257 320 258 320 260 318 261 318 268 311 268 310 269 309 269 308 270 307 270 295 268 293 268 292 266 290 265 290 263 288 262 288 261 287 260 287 259 286 257 286 256 285
0 38 300 37 301 35 301 33 303 32 303 30 305 29 305 24 310 24 311 23 312 23 322 24 323 24 324 25 325 25 326 26 327 26 328 28 330 28 331 31 334 33 334 34 335 36 335 37 336 40 336 41 337 47 337 48 336 50 336 51 335 53 335 55 333 56 333 58 331 58 330 60 328 60 327 61 326 61 323 62 322 62 318 61 317 61 314 60 313 60 312 59 311 59 309 57 307 57 306 54 303 53 303 52 302 50 302 49 301 47 301 46 300
0 431 223 430 224 423 224 422 225 420 225 418 227 417 227 414 230 414 232 411 235 411 240 410 241 410 248 411 249 411 253 415 257 415 258 418 261 420 261 421 262 426 262 427 263 434 263 435 262 438 262 439 261 441 261 442 260 443 260 446 257 446 256 447 255 447 254 448 253 448 252 449 251 449 250 450 249 450 248 451 247 451 234 450 233 450 230 449 229 449 228 446 225 444 225 443 224 438 224 437 223 434 223 433 224 432 223
0 425 181 424 182 421 182 420 183 417 183 416 184 414 184 413 185 412 185 409 188 409 189 408 190 408 192 407 193 407 195 406 196 406 204 407 205 407 206 408 207 408 208 409 209 409 210 418 219 419 219 420 220 422 220 423 221 431 221 432 220 436 220 437 219 439 219 441 217 442 217 445 214 445 213 446 212 446 211 447 210 447 208 448 207 448 203 449 202 449 198 448 197 448 194 447 193 447 191 444 188 444 187 441 184 440 184 439 183 438 183 437 182 435 182 434 181
0 159 453 158 454 156 454 155 455 153 455 152 456 151 456 150 457 149 457 145 461 145 462 143 464 143 465 142 466 142 468 141 469 141 476 144 479 167 479 168 478 170 478 171 477 173 477 175 475 175 467 174 466 174 463 173 462 173 461 172 460 172 459 170 457 169 457 167 455 165 455 164 454 160 454
0 566 173 565 174 563 174 562 175 560 175 559 176 558 176 555 179 555 180 552 183 552 184 549 187 549 189 548 190 548 192 547 193 547 200 548 201 548 203 549 204 549 205 550 206 550 207 553 210 554 210 555 211 557 211 558 212 561 212 562 213 563 213 564 212 571 212 572 211 574 211 575 210 576 210 578 208 579 208 584 203 584 202 586 200 586 198 587 197 587 183 586 182 586 181 583 178 583 177 580 174 578 174 577 173
0 412 74 411 75 409 75 408 76 406 76 405 77 404 77 403 78 402 78 400 80 399 80 394 85 394 86 393 87 393 88 392 89 392 91 391 92 391 101 392 102 392 103 393 104 393 105 395 107 395 108 398 111 399 111 400 112 402 112 403 113 405 113 406 114 415 114 416 113 418 113 419 112 421 112 422 111 424 111 427 108 428 108 431 105 431 104 432 103 432 102 433 101 433 99 434 98 434 95 435 94 435 87 434 86 434 84 431 81 431 80 429 78 428 78 427 77 426 77 425 76 424 76 423 75 421 75 420 74
0 576 94 575 95 573 95 565 103 565 104 564 105 564 106 563 107 563 110 562 111 562 114 561 115 561 121 562 122 562 124 563 125 563 126 568 131 569 131 570 132 571 132 572 133 574 133 575 134 579 134 580 133 582 133 583 132 584 132 586 130 587 130 592 125 592 124 593 123 593 122 594 121 594 119 595 118 595 113 596 112 596 108 595 107 595 104 594 103 594 102 593 101 593 100 588 95 586 95 585 94
0 228 166 227 167 225 167 224 168 222 168 221 169 220 169 215 174 215 175 213 177 213 178 212 179 212 181 211 182 211 192 212 193 212 194 219 201 220 201 221 202 223 202 224 203 228 203 229 204 243 204 244 203 246 203 247 202 249 202 250 201 252 201 253 200 254 200 257 197 257 196 258 195 258 194 259 193 259 191 260 190 260 184 259 183 259 181 258 180 258 178 250 170 249 170 248 169 247 169 246 168 244 168 243 167 237 167 236 166
0 29 25 28 26 25 26 24 27 22 27 15 34 15 35 14 36 14 41 13 42 13 53 14 54 14 55 15 56 15 57 17 59 17 60 22 65 23 65 25 67 27 67 28 68 40 68 41 67 43 67 44 66 45 66 47 64 47 63 49 61 49 60 50 59 50 56 51 55 51 53 52 52 52 37 51 36 51 34 45 28 44 28 43 27 41 27 40 26 38 26 37 25
0 175 164 174 165 171 165 170 166 168 166 167 167 165 167 159 173 159 174 157 176 157 178 156 179 156 191 157 192 157 193 158 194 158 195 159 196 159 197 162 200 163 200 164 201 165 201 166 202 167 202 168 203 170 203 171 204 174 204 175 205 176 204 180 204 181 203 183 203 184 202 185 202 187 200 188 200 190 198 191 198 195 194 195 193 197 191 197 188 198 187 198 175 197 174 197 173 194 170 193 170 189 166 187 166 186 165 183 165 182 164
0 163 121 162 122 160 122 159 123 157 123 156 124 154 124 150 128 150 129 149 130 149 132 148 133 148 136 147 137 147 143 148 144 148 146 149 147 149 148 150 149 150 150 151 151 151 152 155 156 156 156 159 159 161 159 162 160 164 160 165 161 168 161 169 160 172 160 173 159 175 159 176 158 177 158 181 154 181 153 182 152 182 151 183 150 183 147 184 146 184 141 183 140 183 137 182 136 182 134 181 133 181 132 179 130 179 129 175 125 174 125 172 123 170 123 169 122 167 122 166 121
0 248 120 247 121 245 121 244 122 243 122 239 126 238 126 235 129 235 131 234 132 234 136 233 137 233 140 232 141 232 148 233 149 233 151 234 152 234 153 236 155 236 156 240 160 241 160 242 161 244 161 245 162 247 162 248 163 256 163 257 162 259 162 260 161 261 161 263 159 264 159 267 156 267 155 268 154 268 153 269 152 269 151 270 150 270 137 269 136 269 134 268 133 268 131 267 130 267 129 266 128 266 127 261 122 259 122 258 121 252 121 251 120
0 122 79 121 80 119 80 118 81 116 81 113 84 112 84 107 89 107 90 106 91 106 92 105 93 105 94 104 95 104 98 103 99 103 110 104 111 104 113 105 114 105 115 109 119 110 119 111 120 112 120 113 121 115 121 116 122 127 122 128 121 130 121 131 120 132 120 133 119 134 119 141 112 141 111 145 107 145 106 146 105 146 103 147 102 147 96 146 95 146 93 144 91 144 90 142 88 142 87 136 81 135 81 134 80 132 80 131 79
0 204 100 203 101 201 101 200 102 198 102 197 103 196 103 195 104 193 104 192 105 189 105 188 106 186 106 185 107 184 107 182 109 182 110 181 111 181 113 180 114 180 120 181 121 181 122 187 128 187 129 192 134 193 134 194 135 195 135 196 136 197 136 198 137 200 137 201 138 204 138 205 139 216 139 217 138 219 138 221 136 222 136 226 132 226 131 228 129 228 127 229 126 229 115 228 114 228 113 224 109 223 109 220 106 219 106 218 105 217 105 216 104 215 104 214 103 213 103 212 102 210 102 209 101 207 101 206 100
0 52 79 51 80 49 80 48 81 47 81 46 82 45 82 44 83 43 83 41 85 40 85 36 89 36 90 35 91 35 92 34 93 34 95 33 96 33 103 34 104 34 105 35 106 35 107 40 112 41 112 43 114 44 114 45 115 47 115 48 116 61 116 62 115 64 115 65 114 67 114 69 112 70 112 72 110 73 110 78 105 78 104 79 103 79 102 80 101 80 96 79 95 79 94 78 93 78 92 77 91 77 90 76 89 76 88 70 82 69 82 68 81 67 81 66 80 64 80 63 79
0 75 37 74 38 72 38 71 39 70 39 69 40 68 40 66 42 65 42 62 45 62 46 61 47 61 48 60 49 60 51 58 53 58 65 59 66 59 67 61 69 61 70 65 74 66 74 67 75 68 75 69 76 71 76 72 77 77 77 78 76 80 76 81 75 82 75 87 70 87 69 89 67 89 65 90 64 90 63 91 62 91 47 90 46 90 44 89 43 89 42 86 39 85 39 84 38 82 38 81 37
0 103 1 102 2 100 2 96 6 96 7 94 9 94 10 93 11 93 12 91 14 91 15 90 16 90 19 89 20 89 28 90 29 90 30 91 31 91 32 93 34 93 35 96 38 97 38 99 40 100 40 101 41 102 41 103 42 105 42 106 43 113 43 114 42 117 42 118 41 120 41 125 36 125 35 126 34 126 33 127 32 127 16 126 15 126 13 125 12 125 11 123 9 123 8 120 5 119 5 117 3 116 3 115 2 113 2 112 1
0 505 117 504 118 502 118 501 119 500 119 498 121 497 121 491 127 491 128 490 129 490 130 489 131 489 133 488 134 488 140 489 141 489 142 490 143 490 144 495 149 496 149 498 151 499 151 500 152 502 152 503 153 506 153 507 154 508 154 509 153 514 153 515 152 517 152 518 151 520 151 521 150 522 150 523 149 524 149 525 148 526 148 529 145 529 144 530 143 530 142 531 141 531 139 532 138 532 128 531 127 531 126 530 125 530 124 527 121 526 121 523 118 521 118 520 117
0 393 0 393 1 392 2 392 5 391 6 391 13 392 14 392 17 393 18 393 19 394 20 394 21 403 30 405 30 406 31 407 31 408 32 410 32 411 33 413 33 414 34 417 34 418 33 420 33 421 32 422 32 423 31 424 31 425 30 426 30 428 28 429 28 431 26 431 24 432 23 432 9 431 8 431 6 430 5 430 4 427 1 426 1 425 0
0 460 87 459 88 455 88 454 89 452 89 451 90 449 90 443 96 443 97 441 99 441 101 440 102 440 103 439 104 439 111 441 113 441 114 446 119 447 119 448 120 449 120 451 122 452 122 453 123 454 123 455 124 457 124 458 125 464 125 465 124 468 124 469 123 471 123 472 122 474 122 476 120 476 119 479 116 480 116 486 110 486 104 485 103 485 101 484 100 484 99 483 98 483 97 479 93 478 93 475 90 474 90 473 89 472 89 471 88 469 88 468 87
0 379 358 378 359 375 359 374 360 372 360 370 362 370 363 368 365 368 367 367 368 367 369 366 370 366 378 367 379 367 381 369 383 369 384 372 387 373 387 374 388 376 388 377 389 379 389 380 390 382 390 383 391 388 391 389 392 401 392 402 391 404 391 405 390 407 390 409 388 410 388 412 386 412 385 413 384 413 383 414 382 414 372 408 366 406 366 405 365 403 365 399 361 397 361 396 360 394 360 393 359 389 359 388 358
0 230 22 229 23 227 23 226 24 224 24 223 25 222 25 221 26 219 26 218 27 217 27 216 28 215 28 212 31 212 32 211 33 211 36 210 37 210 45 211 46 211 47 212 48 212 49 217 54 219 54 220 55 222 55 223 56 226 56 227 57 228 57 229 56 231 56 232 55 235 55 236 54 241 54 242 53 244 53 245 52 246 52 249 49 249 48 250 47 250 45 251 44 251 36 250 35 250 33 249 32 249 31 242 24 240 24 239 23 234 23 233 22
0 286 69 285 70 283 70 282 71 279 71 278 72 274 72 273 73 271 73 270 74 269 74 268 75 267 75 264 78 263 78 261 80 261 81 259 83 259 85 258 86 258 97 259 98 259 99 260 100 260 101 266 107 267 107 268 108 270 108 271 109 284 109 285 108 288 108 289 107 291 107 292 106 293 106 296 103 296 89 295 88 295 86 294 85 294 84 293 83 293 82 292 81 292 80 291 79 292 78 292 72 290 70 288 70 287 69
0 176 55 175 56 173 56 172 57 170 57 169 58 167 58 160 65 160 74 161 75 161 76 164 79 164 80 167 83 167 84 175 92 175 93 177 95 178 95 180 97 181 97 183 99 185 99 186 100 189 100 190 99 192 99 193 98 194 98 195 97 196 97 200 93 200 92 201 91 201 90 202 89 202 88 203 87 203 81 202 80 202 78 201 77 201 74 200 73 200 72 199 71 199 70 198 69 198 68 197 67 197 66 193 62 192 62 189 59 188 59 187 58 185 58 184 57 182 57 181 56 178 56 177 55
0 183 294 182 295 180 295 179 296 178 296 174 300 174 301 173 302 173 303 171 305 171 307 170 308 170 318 171 319 171 321 172 322 172 323 174 325 174 326 175 327 175 328 183 336 185 336 186 337 188 337 189 338 194 338 195 337 197 337 198 336 200 336 201 335 202 335 205 332 205 331 209 327 209 325 210 324 210 315 209 314 209 311 208 310 208 309 207 308 207 307 206 306 206 305 205 304 205 303 201 299 200 299 198 297 197 297 195 295 193 295 192 294
0 152 264 151 265 146 265 145 266 143 266 138 271 138 272 136 274 136 286 137 287 137 290 139 292 139 293 147 301 148 301 149 302 151 302 152 303 154 303 155 304 157 304 158 303 162 303 163 302 165 302 174 293 174 292 175 291 175 280 173 278 173 275 172 274 172 273 170 271 169 271 166 268 165 268 163 266 162 266 161 265 159 265 158 264
0 472 186 471 187 469 187 468 188 467 188 465 190 464 190 462 192 461 192 457 196 457 210 462 215 462 216 465 219 466 219 467 220 469 220 470 221 472 221 473 222 483 222 484 221 486 221 487 220 488 220 489 219 491 219 495 215 495 214 497 212 497 209 498 208 498 202 497 201 497 199 496 198 496 196 494 194 494 193 491 190 490 190 489 189 487 189 486 188 485 188 484 187 482 187 481 186
0 379 405 378 406 376 406 375 407 374 407 373 408 372 408 371 409 370 409 365 414 365 415 363 417 363 419 362 420 362 430 363 431 363 433 364 434 364 435 366 437 366 438 369 441 370 441 371 442 373 442 374 443 376 443 377 444 382 444 383 443 385 443 386 442 389 442 390 441 392 441 398 435 398 434 399 433 399 432 400 431 400 428 401 427 401 416 400 415 400 414 399 413 399 412 395 408 394 408 392 406 390 406 389 405
0 449 438 448 439 446 439 445 440 444 440 442 442 441 442 435 448 435 449 434 450 434 451 433 452 433 458 432 459 432 463 433 464 433 467 435 469 435 470 436 471 436 472 439 475 440 475 441 476 442 476 443 477 445 477 446 478 448 478 449 479 459 479 460 478 462 478 463 477 465 477 469 473 469 472 471 470 471 469 473 467 473 466 474 465 474 458 475 457 475 452 474 451 474 449 472 447 472 446 471 445 471 444 467 440 465 440 464 439 453 439 452 438
0 345 272 344 273 342 273 341 274 340 274 339 275 338 275 331 282 331 283 330 284 330 298 331 299 331 300 338 307 339 307 341 309 343 309 344 310 351 310 352 309 354 309 355 308 357 308 365 300 365 299 366 298 366 297 367 296 367 286 366 285 366 283 365 282 365 281 364 280 364 279 360 275 359 275 358 274 357 274 356 273 354 273 353 272
0 501 272 500 273 498 273 497 274 495 274 493 276 492 276 489 279 489 280 486 283 486 284 485 285 485 287 484 288 484 299 485 300 485 302 493 310 494 310 495 311 496 311 497 312 499 312 500 313 510 313 511 312 513 312 514 311 515 311 517 309 518 309 522 305 522 304 523 303 523 302 524 301 524 300 525 299 525 297 526 296 526 288 525 287 525 284 524 283 524 282 523 281 523 280 520 277 519 277 517 275 516 275 515 274 513 274 512 273 509 273 508 272
0 532 355 531 356 527 356 526 357 524 357 523 358 522 358 519 361 519 362 518 363 518 364 517 365 517 367 516 368 516 374 517 375 517 378 518 379 518 380 522 384 523 384 526 387 527 387 528 388 530 388 531 389 533 389 534 390 546 390 547 389 549 389 550 388 552 388 553 387 554 387 558 383 558 381 559 380 559 376 560 375 560 371 559 370 559 369 558 368 558 367 555 364 555 363 551 359 550 359 549 358 547 358 546 357 544 357 543 356 539 356 538 355
0 575 341 574 342 572 342 571 343 570 343 569 344 568 344 567 345 566 345 565 346 564 346 561 349 561 354 560 355 560 361 561 362 561 365 562 366 562 368 563 369 563 370 565 372 565 374 569 378 570 378 572 380 573 380 574 381 576 381 577 382 585 382 586 381 588 381 589 380 590 380 591 379 592 379 593 378 594 378 600 372 600 365 599 364 599 360 598 359 598 356 597 355 597 354 595 352 595 351 592 348 592 347 589 344 588 344 587 343 585 343 584 342 580 342 579 341
0 588 395 587 396 583 396 582 397 580 397 578 399 578 400 577 401 577 402 576 403 576 407 575 408 575 417 576 418 576 420 577 421 577 424 580 427 581 427 582 428 583 428 585 430 586 430 587 431 589 431 590 432 597 432 598 431 600 431 601 430 603 430 608 425 608 423 610 421 610 420 611 419 611 416 612 415 612 407 611 406 611 405 605 399 604 399 603 398 602 398 601 397 600 397 599 396 597 396 596 395
0 352 227 351 228 349 228 348 229 346 229 345 230 344 230 343 231 342 231 340 233 340 234 339 235 339 237 338 238 338 251 339 252 339 253 340 254 340 255 341 256 341 257 348 264 349 264 351 266 353 266 354 267 364 267 365 266 367 266 369 264 370 264 372 262 372 261 374 259 374 257 375 256 375 246 374 245 374 243 373 242 373 241 372 240 372 238 371 237 371 236 370 235 370 234 367 231 366 231 365 230 364 230 363 229 361 229 360 228 358 228 357 227
0 539 232 538 233 536 233 535 234 534 234 532 236 531 236 529 238 529 240 526 243 526 244 525 245 525 255 526 256 526 259 527 260 527 261 532 266 533 266 537 270 538 270 539 271 541 271 542 272 549 272 550 271 552 271 553 270 555 270 556 269 557 269 561 265 561 263 562 262 562 261 563 260 563 250 562 249 562 246 561 245 561 244 560 243 560 242 559 241 559 240 554 235 552 235 551 234 549 234 548 233 543 233 542 232
0 592 281 591 282 589 282 588 283 587 283 586 284 584 284 583 285 582 285 578 289 578 290 577 291 577 294 576 295 576 296 574 298 574 299 573 300 573 302 572 303 572 305 571 306 571 312 572 313 572 314 573 315 573 316 578 321 579 321 581 323 583 323 584 324 587 324 588 325 595 325 596 324 598 324 599 323 600 323 601 322 602 322 607 317 607 316 608 315 608 313 609 312 609 292 608 291 608 289 607 288 607 287 604 284 603 284 602 283 601 283 600 282 598 282 597 281
0 451 346 450 347 448 347 447 348 446 348 437 357 437 358 436 359 436 361 435 362 435 372 436 373 436 375 437 376 437 377 438 378 438 379 442 383 443 383 444 384 445 384 446 385 447 385 448 386 450 386 451 387 455 387 456 388 457 388 458 387 463 387 464 386 466 386 467 385 469 385 472 382 473 382 475 380 475 379 476 378 476 377 477 376 477 374 478 373 478 363 477 362 477 360 476 359 476 357 470 351 469 351 468 350 467 350 466 349 464 349 463 348 461 348 460 347 454 347 453 346
0 394 445 393 446 389 446 388 447 386 447 385 448 384 448 383 449 381 449 374 456 374 457 373 458 373 470 374 471 374 473 375 474 375 475 377 477 379 477 380 478 382 478 383 479 402 479 403 478 405 478 406 477 407 477 411 473 411 471 412 470 412 459 411 458 411 456 410 455 410 454 405 449 404 449 403 448 402 448 401 447 399 447 398 446 396 446 395 445
0 397 204 396 205 394 205 392 207 391 207 389 209 388 209 387 210 386 210 384 212 383 212 382 213 381 213 376 218 376 219 375 220 375 221 374 222 374 230 375 231 375 232 376 233 376 234 377 235 377 236 378 237 378 238 379 239 379 240 380 241 380 242 384 246 386 246 387 247 389 247 390 248 397 248 398 247 400 247 401 246 402 246 404 244 405 244 407 242 407 241 408 240 408 239 409 238 409 236 410 235 410 233 411 232 411 230 412 229 412 219 410 217 410 216 408 214 408 213 406 211 406 210 404 208 404 207 402 205 400 205 399 204
0 107 229 106 230 104 230 103 231 102 231 101 232 100 232 99 233 98 233 97 234 96 234 94 236 93 236 89 240 89 241 88 242 88 244 87 245 87 249 88 250 88 252 89 253 89 254 91 256 91 257 94 260 95 260 96 261 97 261 99 263 101 263 102 264 107 264 108 265 111 265 112 264 114 264 115 263 116 263 118 261 119 261 123 257 123 256 124 255 124 254 125 253 125 251 126 250 126 243 125 242 125 239 124 238 124 237 119 232 118 232 117 231 116 231 115 230 113 230 112 229
0 421 327 420 328 417 328 416 329 414 329 413 330 411 330 410 331 409 331 404 336 404 337 403 338 403 339 402 340 402 341 401 342 401 352 402 353 402 354 403 355 403 356 406 359 407 359 409 361 410 361 411 362 413 362 414 363 418 363 419 362 421 362 422 361 424 361 425 360 426 360 427 359 428 359 429 358 430 358 433 355 433 354 437 350 437 349 439 347 439 346 440 345 440 336 439 335 439 334 437 332 436 332 434 330 433 330 432 329 430 329 429 328 426 328 425 327
0 315 300 314 301 312 301 311 302 309 302 308 303 307 303 306 304 305 304 301 308 301 309 300 310 300 311 299 312 299 321 300 322 300 323 301 324 301 326 302 327 302 329 303 330 303 331 304 332 304 333 308 337 309 337 310 338 312 338 313 339 326 339 327 338 329 338 330 337 331 337 336 332 336 331 337 330 337 328 338 327 338 324 339 323 339 317 338 316 338 315 337 314 337 313 327 303 326 303 325 302 324 302 323 301 321 301 320 300
0 111 281 110 282 108 282 107 283 106 283 103 286 103 287 99 291 99 292 97 294 97 295 96 296 96 307 97 308 97 309 102 314 104 314 105 315 107 315 108 316 110 316 111 317 122 317 123 316 125 316 126 315 128 315 129 314 130 314 133 311 133 310 134 309 134 308 135 307 135 297 134 296 134 295 133 294 133 293 132 292 132 291 131 290 131 289 130 288 130 287 127 284 126 284 125 283 124 283 123 282 121 282 120 281
0 272 317 271 318 269 318 263 324 262 324 259 327 259 328 258 329 258 332 257 333 257 341 258 342 258 343 260 345 260 346 264 350 265 350 266 351 267 351 268 352 270 352 271 353 281 353 282 352 285 352 286 351 288 351 289 350 290 350 295 345 295 344 297 342 297 329 296 328 296 327 288 319 286 319 285 318 283 318 282 317
0 82 372 81 373 78 373 77 374 75 374 74 375 73 375 69 379 69 380 68 381 68 382 67 383 67 384 66 385 66 386 65 387 65 397 66 398 66 399 68 401 68 402 69 403 69 404 72 407 73 407 74 408 75 408 76 409 77 409 78 410 80 410 81 411 85 411 86 412 87 412 88 411 92 411 93 410 95 410 96 409 97 409 98 408 99 408 100 407 101 407 104 404 104 403 105 402 105 400 106 399 106 395 107 394 107 385 106 384 106 382 105 381 105 380 102 377 101 377 99 375 97 375 96 374 91 374 90 373 84 373 83 372
0 155 211 154 212 152 212 147 217 147 218 146 219 146 220 145 221 145 222 144 223 144 225 143 226 143 239 144 240 144 243 145 244 145 245 146 246 146 247 147 248 147 249 149 251 150 251 151 252 152 252 154 254 156 254 157 255 159 255 160 254 162 254 163 253 165 253 170 248 170 247 171 246 171 245 172 244 172 242 173 241 173 237 174 236 174 222 173 221 173 219 172 218 172 217 169 214 168 214 166 212 164 212 163 211
0 214 264 213 265 211 265 210 266 209 266 208 267 207 267 206 268 204 268 203 269 201 269 200 270 199 270 195 274 195 275 194 276 194 277 193 278 193 286 194 287 194 289 198 293 199 293 202 296 203 296 205 298 206 298 207 299 209 299 210 300 214 300 215 299 219 299 220 298 222 298 223 297 224 297 231 290 231 289 232 288 232 286 233 285 233 275 232 274 232 273 225 266 223 266 222 265 220 265 219 264
0 263 427 262 428 258 428 257 429 255 429 254 430 253 430 248 435 248 436 246 438 246 439 244 441 244 454 245 455 245 457 247 459 247 460 250 463 251 463 252 464 253 464 254 465 255 465 256 466 258 466 259 467 261 467 262 468 267 468 268 467 270 467 271 466 273 466 274 465 275 465 276 464 277 464 281 460 281 459 283 457 283 456 284 455 284 441 282 439 282 438 274 430 273 430 272 429 271 429 270 428 268 428 267 427
0 133 341 132 342 128 342 127 343 125 343 124 344 123 344 118 349 118 350 117 351 117 353 116 354 116 357 115 358 115 367 116 368 116 370 117 371 117 373 118 374 118 375 120 377 121 377 123 379 124 379 125 380 127 380 128 381 134 381 135 380 137 380 138 379 140 379 149 370 149 369 150 368 150 366 151 365 151 357 150 356 150 355 149 354 149 352 147 350 147 349 145 347 145 346 142 343 140 343 139 342 136 342 135 341
0 31 216 30 217 28 217 27 218 25 218 24 219 23 219 18 224 18 225 17 226 17 227 16 228 16 234 17 235 17 239 18 240 18 241 19 242 19 244 26 251 27 251 28 252 29 252 30 253 32 253 33 254 42 254 43 253 45 253 46 252 47 252 55 244 56 244 59 241 59 240 60 239 60 238 61 237 61 231 54 224 53 224 50 221 49 221 48 220 46 220 45 219 43 219 42 218 39 218 38 217 34 217 33 216
0 198 222 197 223 195 223 194 224 193 224 192 225 191 225 188 228 188 229 186 231 186 232 185 233 185 235 184 236 184 250 185 251 185 253 186 254 186 255 187 256 187 257 191 261 192 261 193 262 194 262 195 263 197 263 198 264 201 264 202 263 204 263 205 262 206 262 207 261 208 261 209 260 210 260 211 259 212 259 215 256 215 255 217 253 217 250 218 249 218 235 217 234 217 233 216 232 216 231 209 224 208 224 207 223 205 223 204 222
0 14 260 13 261 11 261 10 262 8 262 7 263 6 263 5 264 4 264 3 265 2 265 0 267 0 293 5 298 6 298 8 300 9 300 10 301 12 301 13 302 15 302 16 303 22 303 23 302 25 302 27 300 28 300 29 299 30 299 32 297 33 297 34 296 35 296 41 290 41 288 42 287 42 282 41 281 41 276 40 275 40 274 39 273 39 272 36 269 35 269 30 264 29 264 28 263 27 263 26 262 24 262 23 261 16 261 15 260
0 87 331 86 332 84 332 83 333 81 333 79 335 78 335 76 337 75 337 73 339 73 340 72 341 72 342 71 343 71 347 70 348 70 353 71 354 71 355 72 356 72 357 74 359 74 360 79 365 81 365 82 366 84 366 85 367 100 367 101 366 103 366 107 362 107 361 108 360 108 359 109 358 109 355 110 354 110 347 109 346 109 345 104 340 104 337 101 334 100 334 99 333 98 333 97 332 95 332 94 331
0 115 438 114 439 112 439 105 446 105 447 104 448 104 450 103 451 103 461 104 462 104 464 105 465 105 466 106 467 106 468 112 474 113 474 114 475 116 475 117 476 123 476 124 475 126 475 127 474 129 474 136 467 136 465 137 464 137 462 138 461 138 450 137 449 137 448 136 447 136 446 134 444 132 444 131 443 126 443 125 442 123 442 120 439 118 439 117 438
0 64 246 63 247 61 247 60 248 59 248 58 249 57 249 49 257 49 266 50 267 50 268 52 270 52 271 61 280 62 280 64 282 65 282 67 284 68 284 69 285 71 285 72 286 78 286 79 285 81 285 82 284 83 284 84 283 85 283 86 282 87 282 91 278 91 275 92 274 92 269 91 268 91 266 89 264 89 263 85 259 85 258 83 256 83 255 79 251 78 251 76 249 75 249 74 248 72 248 71 247 69 247 68 246
0 25 443 24 444 22 444 21 445 20 445 17 448 17 449 15 451 15 452 14 453 14 462 15 463 15 465 16 466 16 470 17 471 17 475 21 479 39 479 40 478 42 478 47 473 47 472 48 471 48 468 49 467 49 461 48 460 48 456 47 455 47 453 46 452 46 450 45 449 45 448 41 444 39 444 38 443
0 618 0 617 1 616 1 614 3 613 3 610 6 610 7 609 8 609 10 608 11 608 20 609 21 609 22 610 23 610 24 616 30 617 30 618 31 620 31 621 32 623 32 624 33 630 33 631 32 633 32 634 31 635 31 636 30 637 30 639 28 639 0
0 309 26 308 27 302 27 301 28 299 28 298 29 296 29 294 31 292 31 290 33 290 34 288 36 288 42 290 44 290 45 293 48 295 48 298 51 300 51 301 52 309 52 310 51 318 51 319 50 321 50 322 49 324 49 328 45 328 44 329 43 329 41 330 40 330 35 329 34 329 33 328 32 328 31 325 28 323 28 322 27 320 27 319 26
0 96 127 91 128 88 129 86 130 82 134 81 136 80 138 80 146 82 150 85 154 85 156 89 160 91 161 93 162 98 163 103 163 107 162 109 161 111 160 115 156 117 153 118 148 118 143 117 139 116 137 111 132 103 128 100 127
0 60 142 57 143 55 144 51 147 50 148 50 149 48 151 47 153 46 155 46 167 48 170 48 173 49 175 50 177 52 180 56 184 58 185 60 186 69 186 72 185 76 183 78 181 80 178 81 176 81 162 80 159 79 157 77 155 77 153 74 148 72 146 71 146 68 143 64 142
0 256 206 253 207 250 208 248 209 246 210 241 215 237 220 236 223 236 236 237 238 239 241 242 244 244 245 248 246 258 246 261 245 263 244 265 243 272 236 273 234 274 232 275 229 276 226 276 218 275 215 274 213 271 210 265 207 262 206
0 73 191 70 192 67 193 65 194 63 195 58 200 57 202 57 213 58 216 59 218 61 221 69 229 74 231 77 232 83 233 87 232 90 231 93 229 97 225 98 223 99 220 99 211 98 208 97 205 95 202 88 195 86 194 84 193 81 192 77 191
0 20 137 13 141 11 142 10 143 7 147 5 150 3 155 2 161 3 167 5 170 8 174 12 177 15 178 18 179 25 179 27 178 32 174 33 174 34 173 34 172 36 170 37 168 38 166 39 162 39 157 36 150 36 144 34 142 29 137
1 15 110 12 111 10 112 8 113 7 114 7 115 5 117 4 119 3 122 3 128 6 137 7 139 8 141 11 144 11 146 12 148 13 149 14 149 16 151 20 152 29 152 32 149 35 148 36 145 39 140 40 136 40 126 39 123 38 121 36 118 33 115 29 112 27 111 25 110
0 180 10 178 11 176 12 173 14 169 18 168 20 167 25 164 28 164 40 166 44 168 46 169 46 172 49 174 50 176 50 178 51 182 50 186 49 189 48 191 47 193 46 201 38 202 36 203 33 203 23 202 20 199 17 195 15 191 11 189 10
0 144 0 142 2 141 2 140 3 134 10 133 12 133 26 134 28 140 34 146 37 151 38 155 38 159 36 161 34 162 31 163 25 165 23 164 21 167 17 167 13 166 11 163 8 163 6 160 3 157 2 153 2 150 0
0 268 22 265 23 263 24 261 25 260 26 259 28 258 30 258 32 257 34 257 41 258 46 260 51 264 56 267 58 269 59 273 60 278 60 283 58 290 58 293 56 295 53 296 51 296 41 292 34 287 28 285 27 282 27 280 26 278 24 276 23 274 22
0 353 18 351 19 348 21 346 23 344 25 341 28 340 30 339 32 339 34 338 36 339 45 340 48 341 50 343 52 345 53 347 54 350 55 354 56 358 56 361 55 364 54 366 53 368 52 369 51 375 43 376 41 376 30 373 24 371 21 368 20 365 18
1 387 45 381 48 377 52 374 58 374 61 373 62 373 64 374 65 374 68 375 70 377 72 378 72 380 74 381 76 381 81 382 83 384 84 388 84 390 82 391 79 396 74 401 70 409 70 411 69 413 67 413 64 411 61 409 57 407 54 403 50 399 47 397 46 394 45
1 358 120 357 121 352 121 349 124 348 124 346 126 345 128 343 135 343 138 345 141 345 148 347 150 348 153 351 155 353 156 355 157 364 157 367 156 369 155 371 154 377 148 378 146 379 143 379 133 378 131 377 129 370 122 367 121 362 120
0 303 156 300 157 297 158 293 161 291 164 290 166 289 168 289 170 288 175 288 177 293 186 296 190 297 191 299 192 302 193 305 194 315 194 318 193 320 192 323 189 324 189 326 187 328 184 331 178 331 168 330 166 328 163 325 160 322 158 320 157 318 156
0 429 119 425 120 423 121 421 122 417 126 415 129 414 131 413 135 411 137 411 139 412 140 412 143 413 146 415 148 415 150 417 153 421 157 423 158 426 159 433 159 436 158 441 155 448 148 449 146 450 143 450 136 449 132 448 130 447 128 442 123 439 121 434 119
0 406 137 404 138 401 140 396 145 394 148 393 151 392 155 392 162 393 166 394 168 396 171 398 173 403 177 406 178 412 178 419 176 421 175 423 174 425 172 426 172 427 171 427 170 429 168 430 166 431 163 432 160 432 153 429 149 429 147 428 145 426 143 426 142 425 141 424 141 422 139 420 138 417 137
0 522 155 519 156 516 157 514 158 511 161 511 162 507 166 506 169 506 171 508 177 509 179 510 181 516 187 519 189 522 190 525 191 536 191 541 189 544 187 546 184 549 178 549 172 548 172 546 170 547 167 545 165 545 163 543 160 541 158 533 157 530 155
1 598 176 596 177 592 182 592 188 593 189 593 195 591 201 591 203 593 209 594 211 595 213 600 219 601 220 603 221 607 222 612 223 619 223 625 221 627 219 632 214 633 212 633 209 635 207 636 207 638 203 636 200 635 196 635 188 634 184 631 181 628 180 624 181 621 178 619 177 611 176
0 517 204 513 205 511 206 508 208 506 210 504 213 503 215 502 218 502 227 503 231 504 233 506 236 508 238 511 240 514 242 520 243 523 242 528 243 530 242 532 241 536 238 537 237 541 232 541 219 540 216 538 213 536 211 530 206 528 205 524 204
0 317 217 313 218 309 221 306 224 305 226 304 230 304 233 305 237 307 240 313 246 315 247 317 248 320 249 327 251 336 251 338 249 341 249 345 247 345 246 347 244 347 230 344 228 342 223 340 221 334 218 331 217
0 400 265 397 266 392 271 390 274 389 276 388 279 388 288 389 291 390 293 391 295 395 299 399 302 402 304 405 305 416 305 422 304 425 303 427 302 429 301 430 300 431 298 431 294 430 281 429 278 428 276 421 269 419 268 416 267 413 266 409 265
0 282 258 278 259 275 260 273 261 267 267 266 269 266 281 267 283 274 290 279 293 282 294 285 295 300 295 303 294 305 293 308 291 313 286 314 284 315 282 315 273 314 270 313 268 312 266 309 263 306 261 304 260 301 259 298 258
0 93 285 89 286 84 289 80 290 76 290 68 289 66 290 65 291 62 295 61 298 61 301 64 307 66 312 67 314 68 316 73 321 76 323 82 323 85 322 88 321 94 318 99 314 101 313 106 313 106 311 108 309 108 300 107 296 106 294 101 290 99 288 99 287 98 286 96 285
0 126 400 123 401 121 402 118 405 117 405 115 407 114 409 113 411 112 414 111 418 111 423 112 428 113 430 115 433 117 436 120 439 123 440 126 441 132 441 135 440 138 439 141 437 146 431 147 429 148 427 148 413 144 409 144 408 139 403 137 402 134 401
0 68 414 65 415 62 416 60 417 58 418 53 423 50 427 48 430 48 441 50 444 52 446 56 450 65 455 79 455 81 454 83 451 90 445 91 443 92 437 92 435 91 432 89 427 88 425 87 423 82 418 80 417 73 414
0 156 374 153 375 151 376 149 378 145 383 143 386 142 388 142 394 143 397 144 399 145 401 148 405 153 410 155 411 158 412 164 413 168 412 170 411 172 410 175 407 177 404 179 399 179 388 178 385 177 383 176 381 173 378 170 376 168 375 165 374
1 232 356 227 358 225 359 223 360 220 363 217 367 216 370 215 373 214 377 214 383 215 385 216 387 221 392 224 393 228 394 231 394 234 393 237 392 239 391 241 389 242 389 243 388 244 385 246 383 247 381 248 378 248 375 247 365 246 362 244 360 241 358 239 357 236 356
0 281 374 277 375 274 376 272 377 269 380 268 382 266 389 266 393 268 396 269 403 272 407 273 408 275 409 279 410 289 410 292 409 294 408 296 407 301 402 302 400 303 396 303 386 302 384 295 377 293 376 290 375 285 374
0 263 380 259 381 256 382 252 385 248 389 241 396 240 397 239 399 238 401 238 408 239 411 240 413 243 416 249 419 259 419 263 418 265 417 267 416 272 410 274 408 275 408 277 404 278 401 278 398 277 397 277 393 276 390 275 388 274 387 273 387 272 386 271 383 269 381 267 380
1 326 379 321 380 315 383 312 386 311 388 310 390 309 394 309 403 310 408 311 411 312 413 313 415 320 422 325 424 336 425 338 425 340 424 343 422 344 419 349 410 349 398 348 395 347 393 346 391 341 385 338 383 332 380
1 321 397 312 404 310 410 308 412 305 413 305 416 303 420 303 433 304 435 308 439 310 440 312 441 324 441 327 440 329 439 331 438 334 436 338 433 341 430 342 428 343 426 344 422 344 413 343 407 340 404 337 403 333 399 331 398 327 397
0 594 439 589 442 584 443 581 446 579 449 578 451 577 453 576 460 575 461 575 463 578 469 580 472 583 475 585 476 590 477 598 477 604 474 609 471 610 470 611 467 615 463 616 461 617 458 618 454 618 450 614 442 611 440 608 439
0 547 436 543 437 541 438 538 440 535 443 534 445 533 447 532 450 532 463 533 466 535 469 537 471 541 474 543 475 546 476 556 476 562 473 566 469 569 464 570 460 571 453 570 448 569 445 562 438 560 437 556 436
1 528 423 527 424 523 424 520 425 517 426 514 428 510 433 508 436 507 440 506 443 506 449 507 451 508 453 511 456 511 457 513 459 519 462 524 463 533 462 533 461 535 459 536 459 538 457 538 456 541 453 544 448 545 446 546 444 547 435 546 433 543 429 539 425 536 424 532 424 531 423
1 475 387 474 388 470 388 465 390 462 392 458 396 457 398 456 401 455 404 455 409 456 413 457 415 458 417 461 420 467 424 470 426 479 426 482 425 484 424 486 423 491 418 493 415 494 413 494 402 493 399 491 396 485 390 483 389 481 388 478 387
1 446 395 444 396 442 397 438 401 436 404 435 407 435 416 436 421 437 423 444 430 446 431 448 432 451 433 465 433 467 431 468 431 469 430 473 425 473 422 474 419 475 412 475 408 473 404 471 401 471 401 468 400 465 398 461 395
0 360 354 359 355 355 355 352 356 350 357 344 363 343 365 342 368 342 373 343 376 344 378 345 380 349 384 353 387 355 388 357 389 360 390 367 390 371 388 376 388 378 387 380 384 381 382 382 374 382 370 381 368 380 366 377 363 377 362 375 360 372 358 369 356 367 355 363 354
0 434 273 430 275 428 277 427 280 424 283 421 289 421 291 420 293 420 301 421 304 423 305 424 308 426 310 427 310 430 313 432 314 434 315 437 316 439 316 446 315 451 313 454 311 456 308 458 305 458 303 460 301 460 291 459 289 456 285 456 283 451 278 447 275 445 274 443 273
0 624 279 622 280 616 285 614 288 613 290 612 299 612 301 613 312 614 314 618 318 620 319 622 320 628 320 632 319 635 317 637 317 639 316 639 281 637 280 635 279
1 621 98 618 99 610 107 609 109 608 111 608 121 609 123 614 128 620 131 627 131 630 130 633 129 635 128 639 124 639 104 634 101 628 99
0 575 392 582 396 586 399 592 406 596 415 594 419 588 427 580 430 572 429 568 428 564 426 557 425 550 418 547 410 547 406 547 401 551 396 556 392 562 391 567 392 568 392
1 243 331 238 332 235 333 233 335 232 337 231 339 230 342 230 346 233 356 232 358 233 361 234 363 235 365 237 368 240 371 242 372 246 373 252 373 255 372 257 371 265 364 267 362 268 360 269 356 270 351 270 349 270 346 269 343 267 339 264 338 260 336 257 335 254 333 252 332 250 331
1 9 0 8 2 8 10 9 13 11 16 13 18 15 19 26 19 29 18 32 17 40 13 50 3 50 0
0 58 0 58 3 59 5 60 7 63 10 66 12 69 14 72 15 83 15 85 14 87 12 91 7 94 3 95 0
1 137 0 139 3 139 5 141 7 144 9 147 10 157 10 161 9 163 8 167 5 171 0
1 190 0 190 3 192 6 195 8 203 14 206 16 208 17 210 18 219 18 222 17 225 15 228 15 230 14 232 13 238 7 239 5 240 0
0 268 1 268 6 271 12 274 15 278 17 283 20 285 21 302 21 305 20 307 19 311 15 314 14 314 10 313 7 312 5 311 3 309 0
0 341 0 341 6 342 8 343 10 345 13 348 15 350 16 352 17 356 18 367 18 372 15 377 10 379 7 380 5 381 3 381 0
0 440 0 439 2 439 6 440 10 442 15 443 17 446 21 450 25 452 26 454 27 463 27 466 26 468 25 474 19 475 16 476 13 477 9 477 3 475 0
1 631 63 628 64 624 66 622 68 620 71 618 76 617 79 617 83 618 87 619 89 620 91 623 95 629 101 631 102 633 103 636 104 639 104 639 64 637 63
0 626 43 623 44 621 45 618 47 612 53 611 55 610 57 609 60 609 66 610 69 611 71 614 74 616 75 618 76 634 76 639 74 639 44 637 44 636 43
0 635 174 632 175 626 181 625 183 625 188 624 189 624 193 625 197 626 199 627 201 633 207 635 208 637 208 639 209 639 172
1 635 230 630 232 628 233 624 237 621 243 620 247 620 251 621 256 622 259 628 266 631 268 633 269 639 269 639 230
1 635 323 632 325 628 325 625 326 623 327 620 329 618 332 617 335 617 340 618 343 620 346 623 349 626 351 628 352 637 355 639 355 639 323
1 633 402 630 403 628 405 625 406 623 409 620 415 618 420 618 425 617 426 617 430 618 431 618 436 620 440 621 443 623 445 626 447 628 448 637 448 639 447 639 401
1 636 453 633 454 631 455 628 457 624 460 623 461 623 462 621 464 620 466 619 470 620 479 639 479 639 453
0 2 315 0 316 0 356 2 356 3 357 11 357 15 355 18 351 19 349 20 346 21 343 21 331 18 323 17 321 14 318 11 316 7 315
1 58 454 56 455 55 457 55 465 56 473 57 475 58 477 62 479 98 479 99 478 101 478 101 470 100 468 99 466 93 460 90 458 84 455 77 456 74 456 62 454
0 196 461 191 463 188 464 185 467 182 473 182 479 221 478 220 475 219 473 218 471 216 468 211 463 207 462 204 461
1 286 465 283 466 278 469 275 471 272 474 271 476 271 479 312 478 311 476 310 474 308 471 306 469 303 467 300 466 297 465