0 386 95 385 96 383 96 382 97 380 97 378 99 377 99 375 101 375 102 374 103 374 106 373 107 373 116 374 117 374 119 375 120 375 122 376 123 376 124 377 125 377 126 378 127 378 128 380 130 381 130 382 131 384 131 385 132 387 132 388 133 390 133 391 132 393 132 394 131 395 131 396 130 397 130 399 128 399 127 400 126 400 125 401 124 401 123 402 122 402 113 401 112 401 109 400 108 400 107 399 106 399 104 398 103 398 102 394 98 393 98 392 97 391 97 390 96 388 96 387 95
0 522 10 521 11 519 11 518 12 517 12 516 13 514 13 510 17 510 18 509 19 509 20 508 21 508 22 507 23 507 26 506 27 506 39 507 40 507 41 508 42 508 43 509 44 509 45 511 47 512 47 514 49 516 49 517 50 526 50 527 49 529 49 531 47 532 47 537 42 537 41 538 40 538 38 539 37 539 35 540 34 540 33 541 32 541 29 542 28 542 24 541 23 541 20 540 19 540 18 539 17 539 16 536 13 535 13 534 12 533 12 532 11 530 11 529 10
0 404 1 403 2 401 2 400 3 399 3 397 5 397 6 393 10 393 12 392 13 392 25 393 26 393 28 394 29 394 30 395 31 395 32 400 37 401 37 402 38 404 38 405 39 407 39 408 40 412 40 413 39 416 39 417 38 419 38 423 34 423 33 424 32 424 31 425 30 425 27 426 26 426 16 425 15 425 12 424 11 424 10 423 9 423 8 419 4 418 4 416 2 414 2 413 1
0 449 10 448 11 446 11 445 12 443 12 437 18 437 20 436 21 436 34 445 43 446 43 447 44 448 44 449 45 451 45 452 46 459 46 460 45 462 45 468 39 468 38 469 37 469 35 470 34 470 24 469 23 469 21 468 20 468 19 462 13 461 13 460 12 458 12 457 11 455 11 454 10
0 286 160 285 161 283 161 282 162 281 162 277 166 277 167 275 169 275 170 274 171 274 185 275 186 275 190 276 191 276 192 280 196 282 196 283 197 285 197 286 198 296 198 297 197 299 197 300 196 301 196 308 189 308 187 309 186 309 178 308 177 308 174 307 173 307 171 306 170 306 169 300 163 299 163 298 162 296 162 295 161 292 161 291 160
0 487 78 486 79 484 79 483 80 482 80 481 81 480 81 477 84 477 85 475 87 475 88 474 89 474 91 473 92 473 96 474 97 474 99 475 100 475 102 480 107 481 107 482 108 484 108 485 109 496 109 497 108 499 108 500 107 501 107 508 100 508 99 509 98 509 88 508 87 508 86 502 80 501 80 500 79 498 79 497 78
0 468 150 467 151 465 151 463 153 462 153 459 156 459 157 456 160 456 161 455 162 455 172 456 173 456 176 457 177 457 178 464 185 465 185 466 186 468 186 469 187 476 187 477 186 479 186 480 185 481 185 482 184 483 184 487 180 487 179 488 178 488 177 489 176 489 175 490 174 490 160 489 159 489 158 483 152 482 152 481 151 479 151 478 150
0 595 147 594 148 592 148 591 149 590 149 582 157 582 158 581 159 581 162 580 163 580 171 581 172 581 174 588 181 589 181 590 182 592 182 593 183 600 183 601 182 603 182 605 180 606 180 607 179 608 179 615 172 615 171 616 170 616 168 617 167 617 157 616 156 616 155 614 153 614 152 612 150 611 150 609 148 607 148 606 147
0 298 49 297 50 295 50 291 54 291 55 290 56 290 57 289 58 289 60 288 61 288 75 289 76 289 79 290 80 290 81 291 82 291 84 292 85 292 86 296 90 296 91 298 93 300 93 301 94 303 94 304 95 307 95 308 94 310 94 311 93 312 93 313 92 314 92 316 90 316 89 318 87 318 72 317 71 317 66 316 65 316 63 315 62 315 60 314 59 314 58 312 56 312 55 307 50 305 50 304 49
0 326 24 325 25 323 25 322 26 321 26 319 28 318 28 315 31 315 32 314 33 314 34 313 35 313 47 320 54 322 54 323 55 325 55 326 56 330 56 331 57 332 56 336 56 337 55 339 55 345 49 345 48 346 47 346 46 347 45 347 36 346 35 346 34 345 33 345 32 341 28 340 28 338 26 337 26 336 25 334 25 333 24
0 566 33 565 34 563 34 562 35 561 35 559 37 558 37 555 40 555 41 554 42 554 43 552 45 552 46 551 47 551 58 552 59 552 60 553 61 553 62 554 63 554 64 561 71 563 71 564 72 570 72 571 71 574 71 575 70 577 70 581 66 581 65 582 64 582 63 583 62 583 60 584 59 584 44 583 43 583 42 581 40 581 39 577 35 576 35 575 34 573 34 572 33
0 17 138 16 139 14 139 13 140 12 140 7 145 7 146 6 147 6 148 5 149 5 150 4 151 4 160 5 161 5 162 6 163 6 164 12 170 13 170 14 171 16 171 17 172 28 172 29 171 31 171 32 170 34 170 35 169 36 169 38 167 39 167 44 162 44 161 45 160 45 151 44 150 44 149 39 144 38 144 35 141 34 141 32 139 30 139 29 138
0 139 94 138 95 136 95 135 96 133 96 131 98 130 98 125 103 125 104 123 106 123 108 122 109 122 115 123 116 123 118 124 119 124 120 127 123 128 123 132 127 134 127 135 128 137 128 138 129 147 129 148 128 150 128 151 127 153 127 161 119 161 118 162 117 162 108 161 107 161 105 160 104 160 103 159 102 159 101 155 97 153 97 152 96 150 96 149 95 144 95 143 94
0 100 190 99 191 97 191 96 192 95 192 94 193 93 193 91 195 90 195 89 196 88 196 87 197 86 197 80 203 80 215 85 220 87 220 88 221 90 221 91 222 96 222 97 221 99 221 100 220 102 220 103 219 104 219 105 218 106 218 108 216 109 216 110 215 111 215 117 209 117 207 118 206 118 198 117 197 117 196 113 192 112 192 111 191 109 191 108 190
0 159 455 158 456 156 456 155 457 154 457 153 458 152 458 148 462 148 463 147 464 147 466 146 467 146 472 147 473 147 475 148 476 148 478 149 479 181 479 182 478 182 477 183 476 183 468 182 467 182 466 181 465 181 464 180 463 180 462 176 458 175 458 174 457 173 457 172 456 170 456 169 455
0 260 213 259 214 256 214 255 215 253 215 249 219 249 220 247 222 247 228 248 229 248 232 249 233 249 235 250 236 250 237 252 239 252 240 257 245 258 245 262 249 264 249 265 250 270 250 271 249 273 249 274 248 275 248 277 246 277 245 279 243 279 227 278 226 278 225 277 224 277 223 270 216 269 216 268 215 266 215 265 214 262 214 261 213
0 73 295 72 296 69 296 68 297 66 297 65 298 64 298 56 306 56 308 55 309 55 311 54 312 54 315 53 316 53 321 54 322 54 325 55 326 55 327 57 329 57 330 63 336 65 336 66 337 77 337 78 336 80 336 81 335 83 335 84 334 85 334 88 331 88 330 90 328 90 327 91 326 91 325 92 324 92 322 93 321 93 311 92 310 92 309 91 308 91 307 90 306 90 305 83 298 82 298 81 297 80 297 79 296 77 296 76 295
0 34 390 33 391 31 391 30 392 28 392 27 393 26 393 25 394 24 394 20 398 20 399 19 400 19 401 18 402 18 413 19 414 19 415 20 416 20 417 22 419 22 420 25 423 26 423 27 424 28 424 29 425 31 425 32 426 40 426 41 425 43 425 44 424 45 424 50 419 50 418 51 417 51 416 52 415 52 403 51 402 51 401 50 400 50 399 48 397 48 396 46 394 45 394 44 393 43 393 42 392 40 392 39 391 36 391 35 390
0 111 452 110 453 108 453 107 454 106 454 99 461 99 462 98 463 98 464 97 465 97 467 96 468 96 477 98 479 125 479 129 475 129 474 130 473 130 466 129 465 129 464 128 463 128 461 127 460 127 459 121 453 119 453 118 452
0 237 154 236 155 234 155 233 156 231 156 230 157 228 157 227 158 225 158 220 163 220 164 218 166 218 168 217 169 217 180 218 181 218 182 219 183 219 184 220 185 220 186 222 188 222 189 225 192 227 192 228 193 230 193 231 194 240 194 241 193 243 193 244 192 245 192 248 189 248 188 250 186 250 185 251 184 251 182 252 181 252 179 253 178 253 167 252 166 252 165 251 164 251 163 250 162 250 161 247 158 246 158 245 157 244 157 243 156 242 156 241 155 239 155 238 154
0 222 108 221 109 218 109 217 110 215 110 214 111 213 111 211 113 210 113 207 116 207 117 206 118 206 119 205 120 205 121 204 122 204 138 205 139 205 140 206 141 206 142 210 146 211 146 213 148 214 148 215 149 217 149 218 150 225 150 226 149 228 149 229 148 230 148 231 147 232 147 239 140 239 139 240 138 240 137 241 136 241 123 240 122 240 121 239 120 239 119 238 118 238 117 233 112 232 112 231 111 230 111 229 110 227 110 226 109 223 109
0 524 95 523 96 521 96 520 97 519 97 514 102 514 103 513 104 513 106 512 107 512 119 513 120 513 122 515 124 515 125 517 127 518 127 519 128 520 128 521 129 523 129 524 130 528 130 529 129 531 129 532 128 533 128 541 120 541 119 542 118 542 116 543 115 543 107 542 106 542 104 539 101 539 100 536 97 535 97 534 96 532 96 531 95
0 367 1 366 2 363 2 362 3 360 3 359 4 357 4 356 5 355 5 350 10 350 11 349 12 349 13 348 14 348 25 349 26 349 28 352 31 352 32 356 36 357 36 358 37 359 37 360 38 362 38 363 39 371 39 372 38 374 38 375 37 377 37 382 32 382 31 383 30 383 29 384 28 384 26 385 25 385 14 384 13 384 11 383 10 383 9 382 8 382 7 379 4 378 4 377 3 375 3 374 2 372 2 371 1
0 342 90 341 91 339 91 337 93 336 93 332 97 332 98 330 100 330 101 329 102 329 112 330 113 330 115 332 117 332 118 337 123 338 123 339 124 341 124 342 125 344 125 345 126 349 126 350 125 353 125 354 124 356 124 357 123 358 123 361 120 361 119 362 118 362 117 363 116 363 114 364 113 364 110 365 109 365 103 364 102 364 100 363 99 363 98 362 97 362 96 360 94 359 94 357 92 356 92 355 91 353 91 352 90
0 310 112 309 113 307 113 301 119 301 120 300 121 300 123 299 124 299 126 298 127 298 132 299 133 299 135 300 136 300 137 305 142 307 142 308 143 314 143 315 142 317 142 318 141 319 141 326 134 326 133 327 132 327 122 326 121 326 120 325 119 325 118 320 113 318 113 317 112
0 161 153 160 154 158 154 157 155 156 155 155 156 154 156 151 159 151 160 150 161 150 165 149 166 149 171 150 172 150 176 151 177 151 178 152 179 152 180 153 181 153 182 155 184 155 185 157 187 158 187 159 188 160 188 161 189 162 189 163 190 165 190 166 191 171 191 172 192 175 192 176 191 178 191 179 190 181 190 184 187 185 187 187 185 187 184 188 183 188 182 189 181 189 168 188 167 188 165 186 163 186 162 181 157 180 157 178 155 177 155 176 154 174 154 173 153
0 28 14 27 15 25 15 24 16 22 16 21 17 20 17 19 18 18 18 17 19 16 19 14 21 13 21 9 25 9 26 7 28 7 29 5 31 5 39 6 40 6 42 7 43 7 44 8 45 8 46 10 48 11 48 12 49 13 49 14 50 15 50 16 51 17 51 18 52 20 52 21 53 26 53 27 52 29 52 37 44 37 42 38 41 38 40 39 39 39 20 38 19 38 17 36 15 34 15 33 14
0 46 116 45 117 43 117 42 118 41 118 39 120 38 120 37 121 36 121 34 123 34 124 32 126 32 127 31 128 31 129 30 130 30 136 28 138 25 138 24 137 21 137 20 138 17 138 16 139 14 139 13 140 12 140 7 145 7 146 5 148 5 150 4 151 4 160 5 161 5 163 7 165 7 166 10 169 11 169 12 170 13 170 14 171 16 171 17 172 29 172 30 171 32 171 33 170 34 170 35 169 36 169 37 168 38 168 40 166 41 166 43 164 43 163 44 162 44 161 45 160 45 156 46 155 46 154 48 152 52 152 53 151 55 151 56 150 57 150 64 143 64 142 65 141 65 140 66 139 66 137 67 136 67 131 66 130 66 127 65 126 65 125 64 124 64 123 61 120 60 120 59 119 58 119 57 118 55 118 54 117 52 117 51 116
0 102 269 101 270 98 270 97 271 95 271 94 272 93 272 91 274 91 275 90 276 90 277 88 279 88 284 89 285 89 289 90 290 90 293 91 294 91 296 95 300 95 301 98 304 99 304 103 308 105 308 106 309 114 309 115 308 117 308 121 304 122 304 124 302 124 299 126 297 126 288 124 286 124 282 123 281 123 280 118 275 117 275 114 272 113 272 112 271 110 271 109 270 106 270 105 269
0 217 225 216 226 214 226 213 227 211 227 205 233 205 235 204 236 204 247 205 248 205 249 210 254 210 255 213 258 213 259 214 260 214 262 215 263 215 265 216 266 216 267 221 272 223 272 224 273 226 273 227 274 236 274 237 273 239 273 240 272 241 272 247 266 247 265 248 264 248 263 249 262 249 261 250 260 250 249 249 248 249 246 239 236 239 235 233 229 232 229 231 228 230 228 229 227 227 227 226 226 224 226 223 225
0 58 39 57 40 53 40 52 41 50 41 49 42 47 42 41 48 41 49 40 50 40 51 39 52 39 54 38 55 38 62 39 63 39 66 40 67 40 68 47 75 48 75 49 76 51 76 52 77 56 77 57 78 61 78 62 77 65 77 66 76 68 76 70 74 71 74 74 71 74 70 76 68 76 67 78 65 78 53 77 52 77 50 76 49 76 48 71 43 70 43 69 42 68 42 67 41 65 41 64 40 61 40 60 39
0 487 115 486 116 484 116 483 117 482 117 478 121 478 123 477 124 477 131 478 132 478 135 479 136 479 138 480 139 480 140 482 142 482 143 488 149 490 149 491 150 493 150 494 151 502 151 503 150 505 150 506 149 507 149 511 145 511 143 512 142 512 128 511 127 511 126 510 125 510 124 507 121 506 121 503 118 502 118 501 117 500 117 499 116 497 116 496 115
0 549 457 548 458 546 458 545 459 543 459 542 460 541 460 535 466 535 467 534 468 534 469 533 470 533 477 535 479 570 479 571 478 571 470 570 469 570 467 569 466 569 465 563 459 561 459 560 458 555 458 554 457
0 565 409 564 410 558 410 557 411 555 411 553 413 552 413 549 416 549 418 544 423 544 436 545 437 545 439 546 440 546 441 547 442 547 443 551 447 552 447 553 448 555 448 556 449 558 449 559 450 562 450 563 451 564 451 565 452 567 452 568 453 569 452 572 452 573 451 575 451 578 448 579 448 581 446 582 446 588 440 588 434 587 433 587 427 586 426 586 424 585 423 585 422 584 421 584 420 577 413 576 413 575 412 574 412 573 411 571 411 570 410 566 410
0 333 307 332 308 329 308 328 309 326 309 323 312 323 313 319 317 319 318 318 319 318 323 317 324 317 331 318 332 318 333 319 334 319 335 320 336 320 337 322 339 323 339 327 343 329 343 330 344 338 344 339 343 341 343 342 342 343 342 344 341 345 341 346 340 347 340 351 336 351 335 353 333 353 330 354 329 354 319 353 318 353 316 351 314 351 313 347 309 346 309 345 308 343 308 342 307
0 307 270 306 271 302 271 301 272 299 272 293 278 293 279 291 281 291 284 290 285 290 294 291 295 291 299 296 304 298 304 301 307 303 307 304 308 312 308 313 307 315 307 316 306 317 306 319 304 320 304 321 303 322 303 324 301 324 300 326 298 326 297 327 296 327 295 328 294 328 285 327 284 327 281 324 278 324 276 322 274 321 274 319 272 318 272 317 271 315 271 314 270
0 490 315 489 316 487 316 481 322 481 323 480 324 480 334 486 340 487 340 488 341 488 342 492 346 494 346 495 347 499 347 500 348 502 348 503 347 505 347 506 346 508 346 510 344 511 344 514 341 514 340 516 338 516 327 514 325 514 324 513 323 513 322 511 320 510 320 507 317 505 317 504 316 501 316 500 315
0 46 116 45 117 43 117 42 118 41 118 39 120 38 120 32 126 32 127 31 128 31 129 30 130 30 135 31 136 31 137 34 140 35 140 37 142 38 142 47 151 49 151 50 152 51 152 52 151 54 151 55 150 56 150 57 149 58 149 64 143 64 142 65 141 65 140 66 139 66 137 67 136 67 130 66 129 66 127 65 126 65 125 64 124 64 123 62 121 61 121 59 119 58 119 57 118 55 118 54 117 52 117 51 116
0 107 78 106 79 100 79 99 80 97 80 95 82 95 88 96 89 96 97 98 99 100 99 101 100 104 100 105 99 111 99 112 98 114 98 116 96 117 96 122 91 122 90 123 89 123 83 120 80 119 80 118 79 116 79 115 78
0 47 171 46 172 44 172 38 178 38 179 36 181 36 182 34 184 34 185 33 186 33 188 32 189 32 194 33 195 33 198 34 199 34 201 35 202 35 203 36 204 36 205 39 208 40 208 41 209 42 209 43 210 45 210 46 211 52 211 53 210 55 210 56 209 58 209 65 202 65 201 66 200 66 198 67 197 67 186 66 185 66 183 65 182 65 181 64 180 64 179 60 175 59 175 58 174 57 174 56 173 55 173 54 172 52 172 51 171
0 76 3 75 4 73 4 71 6 70 6 65 11 65 12 64 13 64 14 63 15 63 18 62 19 62 24 63 25 63 27 64 28 64 29 66 31 66 32 69 35 70 35 71 36 72 36 73 37 75 37 76 38 78 38 79 39 87 39 88 38 90 38 91 37 93 37 100 30 100 28 101 27 101 16 100 15 100 13 99 12 99 11 94 6 93 6 92 5 91 5 90 4 88 4 87 3
0 116 131 115 132 112 132 111 133 109 133 108 134 107 134 101 140 101 141 100 142 100 143 99 144 99 154 100 155 100 156 101 157 101 158 108 165 110 165 111 166 123 166 124 165 126 165 127 164 129 164 134 159 134 158 135 157 135 156 136 155 136 153 137 152 137 145 136 144 136 142 135 141 135 140 128 133 127 133 126 132 124 132 123 131
0 187 8 186 9 182 9 181 10 179 10 177 12 176 12 173 15 173 16 171 18 171 19 170 20 170 21 169 22 169 24 168 25 168 37 169 38 169 41 171 43 171 44 174 47 175 47 176 48 177 48 178 49 180 49 181 50 187 50 188 49 190 49 196 43 196 42 198 40 198 38 199 37 199 36 200 35 200 33 201 32 201 24 200 23 200 20 199 19 199 17 198 16 198 15 194 11 193 11 192 10 191 10 190 9 188 9
0 196 53 195 54 193 54 192 55 191 55 190 56 188 56 187 57 186 57 182 61 182 62 181 63 181 76 182 77 182 79 190 87 191 87 192 88 194 88 195 89 197 89 198 90 200 90 201 89 204 89 205 88 207 88 208 87 209 87 215 81 215 80 216 79 216 78 217 77 217 74 218 73 218 69 217 68 217 66 216 65 216 64 215 63 215 62 210 57 209 57 208 56 207 56 206 55 205 55 204 54 202 54 201 53
0 418 294 417 295 415 295 414 296 413 296 407 302 407 303 405 305 405 306 404 307 404 308 403 309 403 319 404 320 404 321 405 322 405 323 406 324 406 325 411 330 412 330 413 331 415 331 416 332 419 332 420 331 422 331 423 330 424 330 425 329 426 329 433 322 433 321 436 318 436 317 437 316 437 314 438 313 438 307 437 306 437 303 436 302 436 301 435 300 435 299 431 295 429 295 428 294
0 499 215 498 216 496 216 495 217 494 217 491 220 490 220 486 224 486 226 485 227 485 233 486 234 486 235 490 239 491 239 492 240 493 240 494 241 495 241 496 242 498 242 499 243 508 243 509 242 511 242 512 241 514 241 515 240 516 240 519 237 519 236 521 234 521 233 522 232 522 223 517 218 516 218 515 217 514 217 513 216 511 216 510 215
0 609 211 608 212 606 212 605 213 604 213 603 214 602 214 595 221 595 222 594 223 594 226 593 227 593 233 594 234 594 238 595 239 595 240 597 242 597 243 602 248 603 248 605 250 607 250 608 251 611 251 612 252 616 252 617 251 619 251 620 250 622 250 624 248 625 248 628 245 628 244 630 242 630 241 631 240 631 235 632 234 632 230 631 229 631 225 630 224 630 222 628 220 628 219 624 215 623 215 621 213 619 213 618 212 616 212 615 211
0 546 300 545 301 543 301 542 302 541 302 540 303 539 303 535 307 535 308 534 309 534 310 531 313 531 314 530 315 530 317 529 318 529 329 530 330 530 331 531 332 531 333 535 337 537 337 538 338 548 338 549 337 551 337 552 336 553 336 559 330 559 329 561 327 561 326 562 325 562 323 563 322 563 310 562 309 562 308 561 307 561 306 557 302 556 302 555 301 553 301 552 300
0 262 302 261 303 259 303 258 304 256 304 253 307 253 309 251 311 251 313 250 314 250 317 249 318 249 329 250 330 250 333 251 334 251 335 252 336 252 337 257 342 258 342 259 343 261 343 262 344 271 344 272 343 274 343 280 337 280 336 282 334 282 332 283 331 283 320 282 319 282 318 281 317 281 316 280 315 280 314 278 312 278 311 276 309 275 309 271 305 270 305 269 304 268 304 267 303 265 303 264 302
0 414 415 413 416 411 416 409 418 408 418 402 424 402 429 404 431 405 431 406 432 407 432 409 434 410 434 411 435 412 435 413 436 415 436 416 437 420 437 421 438 422 438 423 437 426 437 427 436 429 436 430 435 431 435 439 427 439 422 436 419 435 419 434 418 433 418 431 416 429 416 428 415
0 378 430 377 431 375 431 374 432 373 432 368 437 368 438 367 439 367 440 366 441 366 443 365 444 365 446 364 447 364 450 363 451 363 454 362 455 362 459 361 460 361 466 362 467 362 469 363 470 363 471 364 472 364 473 369 478 371 478 372 479 387 479 388 478 389 478 393 474 393 473 394 472 394 471 395 470 395 469 396 468 396 465 397 464 397 457 396 456 396 450 395 449 395 443 394 442 394 440 393 439 393 437 388 432 387 432 386 431 384 431 383 430
0 377 314 376 315 374 315 372 317 371 317 367 321 367 323 366 324 366 325 365 326 365 328 364 329 364 335 365 336 365 337 366 338 366 339 367 340 367 341 368 342 368 343 375 350 376 350 377 351 379 351 380 352 389 352 390 351 392 351 393 350 394 350 395 349 396 349 398 347 398 346 400 344 400 342 401 341 401 330 400 329 400 327 399 326 399 324 398 323 398 322 396 320 396 319 394 317 393 317 392 316 391 316 390 315 388 315 387 314
0 581 284 580 285 578 285 577 286 576 286 575 287 574 287 569 292 569 293 568 294 568 295 567 296 567 303 568 304 568 305 569 306 569 308 570 309 570 310 571 311 571 313 573 315 574 315 576 317 577 317 578 318 580 318 581 319 588 319 589 318 591 318 592 317 593 317 594 316 595 316 596 315 597 315 600 312 600 311 601 310 601 309 602 308 602 306 603 305 603 299 602 298 602 296 601 295 601 294 600 293 600 292 594 286 592 286 591 285 589 285 588 284
0 454 384 453 385 450 385 449 386 447 386 446 387 445 387 444 388 443 388 439 392 439 393 438 394 438 395 437 396 437 398 436 399 436 406 437 407 437 408 438 409 438 410 442 414 443 414 445 416 446 416 448 418 450 418 451 419 455 419 456 418 458 418 459 417 461 417 462 416 464 416 465 415 467 415 469 413 470 413 476 407 476 406 477 405 477 403 478 402 478 398 477 397 477 394 476 393 476 392 472 388 471 388 469 386 467 386 466 385 464 385 463 384
0 319 188 318 189 316 189 306 199 306 206 307 207 307 208 310 211 311 211 312 212 314 212 315 213 318 213 319 212 321 212 322 211 323 211 330 204 330 203 331 202 331 200 332 199 332 194 328 190 326 190 325 189 323 189 322 188
0 495 400 494 401 492 401 490 403 489 403 485 407 485 408 484 409 484 411 483 412 483 422 484 423 484 424 485 425 485 426 490 431 491 431 492 432 494 432 495 433 505 433 506 432 508 432 509 431 510 431 513 428 513 427 514 426 514 425 515 424 515 421 516 420 516 410 515 409 515 408 509 402 508 402 507 401 505 401 504 400
0 512 279 511 280 509 280 508 281 507 281 501 287 501 288 500 289 500 290 499 291 499 303 500 304 500 305 503 308 504 308 506 310 507 310 508 311 510 311 511 312 513 312 514 313 516 313 517 312 519 312 520 311 522 311 524 309 525 309 530 304 530 303 533 300 533 297 534 296 534 292 533 291 533 290 532 289 532 287 526 281 525 281 524 280 522 280 521 279
0 559 181 558 182 555 182 554 183 552 183 551 184 550 184 545 189 545 190 544 191 544 192 543 193 543 194 542 195 542 197 541 198 541 206 542 207 542 208 543 209 543 211 547 215 549 215 550 216 559 216 560 215 562 215 564 213 565 213 566 212 567 212 570 209 570 208 571 207 571 206 572 205 572 204 573 203 573 191 572 190 572 188 567 183 566 183 565 182 563 182 562 181
0 558 249 557 250 554 250 553 251 551 251 550 252 549 252 543 258 543 259 542 260 542 261 541 262 541 273 542 274 542 275 543 276 543 277 549 283 550 283 551 284 553 284 554 285 558 285 559 286 560 286 561 285 563 285 564 284 566 284 567 283 568 283 569 282 570 282 577 275 577 274 578 273 578 262 577 261 577 260 576 259 576 258 575 257 575 256 572 253 571 253 570 252 569 252 568 251 566 251 565 250 561 250 560 249
0 205 303 204 304 202 304 201 305 200 305 196 309 196 310 192 314 192 316 191 317 191 319 190 320 190 327 191 328 191 330 192 331 192 332 198 338 199 338 200 339 202 339 203 340 208 340 209 339 211 339 212 338 213 338 215 336 216 336 217 335 218 335 220 333 220 332 222 330 222 327 223 326 223 314 222 313 222 312 220 310 220 309 216 305 215 305 214 304 212 304 211 303
0 145 205 144 206 142 206 139 209 138 209 135 212 135 213 134 214 134 216 133 217 133 219 132 220 132 228 133 229 133 232 134 233 134 234 135 235 135 236 137 238 137 239 143 245 145 245 146 246 155 246 156 245 158 245 159 244 160 244 168 236 168 235 169 234 169 223 168 222 168 219 167 218 167 217 166 216 166 214 165 213 165 212 161 208 160 208 158 206 156 206 155 205
0 81 414 80 415 77 415 76 416 74 416 72 418 71 418 68 421 68 422 66 424 66 425 65 426 65 428 64 429 64 440 65 441 65 443 66 444 66 445 67 446 67 447 74 454 75 454 77 456 79 456 80 457 82 457 83 458 88 458 89 457 91 457 92 456 94 456 102 448 102 447 103 446 103 445 104 444 104 430 103 429 103 428 102 427 102 426 101 425 101 424 100 423 100 422 96 418 95 418 93 416 92 416 91 415 89 415 88 414
0 91 343 90 344 88 344 87 345 85 345 84 346 83 346 77 352 77 353 76 354 76 356 75 357 75 363 76 364 76 365 77 366 77 367 78 368 78 369 81 372 82 372 84 374 86 374 87 375 89 375 90 376 94 376 95 375 99 375 100 374 102 374 103 373 105 373 107 371 108 371 110 369 110 368 111 367 111 366 112 365 112 363 113 362 113 356 112 355 112 354 111 353 111 352 110 351 110 350 106 346 105 346 104 345 103 345 102 344 100 344 99 343
0 180 360 179 361 177 361 171 367 171 368 170 369 170 371 169 372 169 380 170 381 170 383 171 384 171 386 172 387 172 388 175 391 175 392 177 394 178 394 179 395 181 395 182 396 184 396 185 397 191 397 192 396 194 396 196 394 197 394 203 388 203 377 202 376 202 374 201 373 201 372 200 371 200 370 199 369 199 368 196 365 195 365 193 363 192 363 190 361 188 361 187 360
0 79 228 78 229 76 229 75 230 74 230 71 233 71 234 68 237 68 238 67 239 67 251 68 252 68 255 71 258 71 259 75 263 76 263 77 264 78 264 79 265 81 265 82 266 89 266 90 265 92 265 93 264 94 264 95 263 96 263 99 260 99 259 100 258 100 257 102 255 102 253 103 252 103 243 102 242 102 240 101 239 101 238 100 237 100 236 99 235 99 234 95 230 94 230 93 229 91 229 90 228
0 8 247 7 248 5 248 4 249 3 249 2 250 1 250 0 251 0 275 1 275 2 276 4 276 5 277 12 277 13 276 15 276 17 274 18 274 24 268 24 267 25 266 25 259 24 258 24 256 18 250 17 250 15 248 13 248 12 247
0 131 404 130 405 128 405 127 406 126 406 124 408 123 408 121 410 121 411 119 413 119 414 118 415 118 417 117 418 117 431 118 432 118 433 119 434 119 435 120 436 120 437 126 443 127 443 128 444 130 444 131 445 142 445 143 444 145 444 146 443 147 443 148 442 149 442 154 437 154 436 155 435 155 432 156 431 156 419 155 418 155 416 154 415 154 414 152 412 152 411 150 409 149 409 147 407 146 407 144 405 142 405 141 404
0 13 290 9 291 7 292 0 298 0 314 3 318 4 319 8 322 10 323 13 324 20 324 23 323 27 321 29 319 31 316 33 313 33 304 32 302 31 300 24 293 21 291 17 290
0 349 269 346 270 340 275 339 275 338 278 335 283 335 292 336 294 337 296 340 300 341 301 343 302 345 303 348 304 358 304 360 303 363 301 367 297 368 295 369 293 370 288 369 282 368 278 366 275 363 272 360 270 356 269
0 443 211 441 212 439 213 433 219 431 222 430 226 430 232 431 236 432 238 433 240 437 244 443 247 448 248 453 247 456 246 458 245 460 244 463 241 465 238 466 236 467 234 467 224 464 218 460 214 457 212 453 211
0 419 78 416 79 413 82 412 84 410 92 410 95 411 98 413 103 415 105 415 106 416 107 418 108 422 110 424 110 427 110 432 109 434 108 436 107 437 106 438 104 441 98 440 93 438 88 437 86 430 79 428 78
0 457 310 453 311 451 312 449 313 445 317 442 322 441 324 440 329 440 335 441 339 449 347 456 346 461 344 466 339 469 338 470 337 471 335 472 332 473 328 473 320 472 317 471 315 467 311 464 310
0 346 376 344 377 342 378 341 379 341 380 337 385 336 388 336 397 339 403 343 407 345 408 347 409 350 410 360 410 362 409 366 406 369 403 370 401 371 394 371 391 368 385 366 382 361 378 359 377 356 376 351 375
0 468 429 465 430 463 431 461 432 458 434 455 438 454 441 452 447 452 454 453 456 454 458 458 464 460 464 462 466 465 467 471 467 475 465 478 464 482 461 485 458 488 452 488 441 487 438 480 431 478 430 475 429
0 308 448 306 449 304 450 300 454 299 456 298 459 296 466 296 476 297 478 327 479 328 478 330 478 331 476 331 473 332 472 332 470 331 463 329 458 328 456 326 453 323 450 321 449 318 448
0 204 430 201 431 197 432 193 436 192 438 191 442 191 453 192 455 193 457 196 460 200 463 203 464 208 465 213 464 215 463 220 458 221 456 222 454 223 451 224 446 224 441 223 437 222 435 221 433 218 432 215 430 211 429
0 240 443 237 444 235 445 232 448 231 450 230 454 229 459 230 463 231 466 232 468 235 471 235 472 237 474 239 475 241 476 244 477 247 478 263 478 265 477 269 473 269 464 268 460 267 457 266 455 265 453 260 448 255 445 253 444 250 443
0 266 385 264 386 261 388 258 390 255 393 253 396 252 399 252 403 254 407 258 415 261 418 265 421 267 422 269 423 279 423 281 422 283 421 285 419 286 419 287 418 290 414 291 412 292 408 292 405 291 398 290 396 286 392 280 389 273 388 270 386
0 256 373 253 374 248 376 246 377 245 378 243 380 242 381 241 383 240 388 240 393 242 395 242 398 248 404 254 407 261 407 263 405 263 403 272 395 275 392 275 388 272 380 270 378 267 376 265 375 262 374 259 374 258 373
0 469 334 465 336 457 336 455 337 452 339 448 343 447 348 448 353 452 357 452 358 455 361 461 364 464 365 473 365 475 364 477 363 480 360 483 354 483 348 482 346 480 343 478 340 473 335 471 334
0 174 204 170 205 168 206 163 210 159 210 158 213 156 215 155 215 153 223 153 226 154 228 158 233 162 234 162 236 163 238 168 237 170 238 173 240 180 240 183 239 185 238 187 237 194 230 195 228 196 226 196 218 195 216 194 214 187 207 185 206 182 205 179 204
0 190 96 186 91 183 89 180 86 176 83 170 81 164 82 158 86 154 90 151 92 147 97 144 99 145 107 148 114 157 120 167 121 174 120 180 120 187 115 189 108 191 102 191 102
0 606 50 610 57 611 64 609 74 607 78 599 82 591 82 587 80 580 76 577 73 573 65 572 59 572 54 577 47 582 44 592 43 600 44 600 45
0 620 84 621 78 620 72 616 68 610 64 603 64 597 67 590 70 587 74 586 86 589 91 595 96 606 98 613 96 618 92
0 281 441 276 441 271 442 267 445 261 447 257 452 254 457 255 462 256 467 259 471 263 474 270 475 274 475 280 473 286 470 289 466 293 460 293 454 290 448 287 444
0 0 438 0 477 2 476 6 472 8 469 11 463 12 460 12 452 11 448 8 442 4 439 2 438