0 336 152 335 153 333 153 332 154 331 154 330 155 329 155 327 157 326 157 324 159 324 160 323 161 323 162 322 163 322 165 321 166 321 175 322 176 322 177 323 178 323 179 325 181 325 182 328 185 329 185 331 187 333 187 334 188 339 188 340 187 342 187 343 186 345 186 347 184 348 184 353 179 353 178 354 177 354 176 355 175 355 164 354 163 354 161 353 160 353 159 349 155 348 155 347 154 345 154 344 153 342 153 341 152
0 375 109 374 110 372 110 371 111 370 111 364 117 364 118 363 119 363 120 362 121 362 133 363 134 363 136 364 137 364 138 370 144 372 144 373 145 382 145 383 144 385 144 394 135 395 135 397 133 397 132 398 131 398 121 397 120 397 119 396 118 396 117 395 116 395 115 392 112 391 112 389 110 387 110 386 109
0 333 70 332 71 330 71 329 72 327 72 321 78 321 79 320 80 320 94 321 95 321 96 323 98 323 99 326 102 327 102 330 105 332 105 333 106 340 106 341 105 343 105 344 104 346 104 347 103 348 103 352 99 352 98 354 96 354 95 355 94 355 93 356 92 356 82 355 81 355 80 354 79 354 78 348 72 346 72 345 71 343 71 342 70
0 289 64 288 65 286 65 285 66 283 66 281 68 280 68 277 71 277 72 275 74 275 75 274 76 274 89 275 90 275 91 276 92 276 93 277 94 277 96 281 100 282 100 284 102 285 102 286 103 288 103 289 104 297 104 298 103 300 103 301 102 302 102 305 99 306 99 308 97 308 96 310 94 310 93 311 92 311 90 312 89 312 77 311 76 311 75 310 74 310 73 303 66 302 66 301 65 299 65 298 64
0 624 36 623 37 621 37 620 38 619 38 618 39 617 39 616 40 615 40 610 45 610 46 609 47 609 48 608 49 608 56 609 57 609 59 612 62 612 63 614 65 615 65 616 66 617 66 618 67 620 67 621 68 623 68 624 69 633 69 634 68 637 68 638 67 639 67 639 38 638 38 637 37 634 37 633 36
0 414 0 413 1 412 1 411 2 410 2 408 4 407 4 404 7 404 8 402 10 402 11 401 12 401 14 400 15 400 22 401 23 401 25 403 27 403 28 407 32 408 32 409 33 410 33 411 34 412 34 413 35 415 35 416 36 418 36 419 37 426 37 427 36 430 36 431 35 433 35 434 34 435 34 443 26 443 25 444 24 444 23 445 22 445 11 443 9 443 8 438 3 437 3 436 2 435 2 434 1 432 1 431 0
0 564 11 563 12 561 12 558 15 557 15 554 18 554 19 552 21 552 22 551 23 551 27 550 28 550 34 551 35 551 37 552 38 552 39 558 45 559 45 561 47 563 47 564 48 573 48 574 47 576 47 577 46 579 46 581 44 582 44 587 39 587 38 588 37 588 35 589 34 589 24 588 23 588 21 587 20 587 19 586 18 586 17 583 14 582 14 580 12 578 12 577 11
0 288 111 287 112 285 112 283 114 282 114 279 117 279 118 277 120 277 121 276 122 276 123 275 124 275 135 276 136 276 137 277 138 277 139 278 140 278 141 279 142 279 143 284 148 285 148 287 150 289 150 290 151 292 151 293 152 299 152 300 151 303 151 304 150 306 150 307 149 308 149 310 147 311 147 313 145 313 144 315 142 315 140 316 139 316 129 315 128 315 126 314 125 314 124 313 123 313 122 305 114 304 114 303 113 302 113 301 112 299 112 298 111
0 604 72 603 73 601 73 600 74 599 74 598 75 597 75 593 79 593 80 592 81 592 82 591 83 591 91 592 92 592 94 593 95 593 98 594 99 594 100 595 101 595 102 600 107 601 107 602 108 604 108 605 109 607 109 608 110 613 110 614 109 617 109 618 108 620 108 621 107 622 107 628 101 628 99 629 98 629 85 628 84 628 83 627 82 627 81 622 76 621 76 620 75 619 75 618 74 616 74 615 73 613 73 612 72
0 458 85 457 86 455 86 454 87 453 87 451 89 450 89 449 90 448 90 442 96 442 98 441 99 441 108 442 109 442 111 443 112 443 113 444 114 444 115 449 120 450 120 451 121 453 121 454 122 463 122 464 121 466 121 467 120 468 120 470 118 471 118 474 115 474 114 476 112 476 111 477 110 477 109 478 108 478 106 479 105 479 98 478 97 478 96 477 95 477 94 476 93 476 92 473 89 472 89 471 88 470 88 469 87 467 87 466 86 461 86 460 85
0 501 14 500 15 498 15 497 16 496 16 491 21 491 22 490 23 490 26 489 27 489 32 490 33 490 36 491 37 491 38 492 39 492 40 499 47 500 47 501 48 502 48 503 49 505 49 506 50 512 50 513 49 515 49 516 48 517 48 518 47 519 47 521 45 522 45 524 43 524 42 526 40 526 28 525 27 525 26 524 25 524 24 517 17 516 17 515 16 513 16 512 15 510 15 509 14
0 38 319 37 320 35 320 30 325 30 327 29 328 29 330 28 331 28 334 27 335 27 336 26 337 26 341 28 343 30 343 31 344 37 344 38 345 41 345 42 344 44 344 45 343 47 343 48 342 49 342 52 339 52 338 53 337 53 335 54 334 54 328 53 327 53 325 48 320 46 320 45 319
0 566 161 565 162 563 162 562 163 561 163 560 164 559 164 555 168 555 169 553 171 553 172 552 173 552 185 553 186 553 187 554 188 554 189 561 196 562 196 563 197 565 197 566 198 570 198 571 199 576 199 577 198 580 198 581 197 583 197 588 192 588 191 591 188 591 186 592 185 592 183 593 182 593 178 592 177 592 174 591 173 591 172 590 171 590 170 589 169 589 168 587 166 586 166 584 164 583 164 582 163 580 163 579 162 577 162 576 161
0 280 0 278 2 278 4 277 5 277 7 276 8 276 13 277 14 277 16 278 17 278 18 280 20 280 21 286 27 288 27 289 28 291 28 292 29 296 29 297 28 300 28 301 27 303 27 308 22 308 21 310 19 310 18 311 17 311 16 312 15 312 6 311 5 311 4 310 3 310 2 308 0
0 359 18 358 19 356 19 355 20 354 20 353 21 352 21 348 25 348 26 347 27 347 28 346 29 346 38 347 39 347 41 348 42 348 43 352 47 353 47 354 48 356 48 357 49 366 49 367 48 369 48 374 43 374 42 375 41 375 40 376 39 376 28 375 27 375 26 374 25 374 24 371 21 370 21 368 19 366 19 365 18
0 325 269 324 270 322 270 321 271 320 271 319 272 318 272 314 276 314 277 313 278 313 286 314 287 314 288 319 293 320 293 322 295 323 295 324 296 325 296 326 297 328 297 329 298 331 298 332 297 335 297 336 296 338 296 339 295 340 295 345 290 345 289 347 287 347 280 346 279 346 278 345 277 345 276 341 272 340 272 338 270 336 270 335 269
0 365 257 364 258 362 258 361 259 360 259 359 260 358 260 355 263 355 264 354 265 354 266 353 267 353 268 352 269 352 280 353 281 353 283 354 284 354 285 355 286 355 287 360 292 361 292 362 293 364 293 365 294 367 294 368 295 371 295 372 294 374 294 375 293 377 293 379 291 380 291 382 289 382 288 383 287 383 286 384 285 384 284 385 283 385 272 384 271 384 269 383 268 383 267 382 266 382 265 376 259 374 259 373 258 371 258 370 257
0 325 421 324 422 322 422 321 423 319 423 318 424 317 424 315 426 315 427 312 430 312 432 311 433 311 434 310 435 310 445 311 446 311 447 312 448 312 449 317 454 318 454 319 455 321 455 322 456 325 456 326 457 327 457 328 456 331 456 332 455 334 455 335 454 336 454 337 453 338 453 340 451 341 451 343 449 343 448 344 447 344 446 345 445 345 444 346 443 346 442 347 441 347 435 346 434 346 431 345 430 345 429 340 424 339 424 338 423 336 423 335 422 331 422 330 421
0 100 36 99 37 97 37 96 38 94 38 87 45 87 47 86 48 86 51 85 52 85 57 86 58 86 60 87 61 87 63 89 65 89 66 91 68 92 68 94 70 96 70 97 71 104 71 105 70 107 70 108 69 110 69 111 68 112 68 114 66 115 66 117 64 117 63 118 62 118 61 119 60 119 59 120 58 120 50 118 48 118 47 117 46 117 44 112 39 111 39 110 38 109 38 108 37 106 37 105 36
0 235 81 234 82 232 82 231 83 230 83 229 84 228 84 227 85 226 85 222 89 222 90 221 91 221 93 220 94 220 97 219 98 219 104 220 105 220 107 221 108 221 109 223 111 223 112 227 116 228 116 229 117 231 117 232 118 241 118 242 117 244 117 245 116 246 116 252 110 252 109 253 108 253 107 254 106 254 105 255 104 255 93 254 92 254 90 248 84 247 84 246 83 245 83 244 82 242 82 241 81
0 154 41 153 42 151 42 150 43 149 43 148 44 147 44 145 46 144 46 142 48 142 49 140 51 140 52 138 54 138 56 137 57 137 67 138 68 138 69 139 70 139 71 141 73 141 74 143 76 144 76 146 78 148 78 149 79 151 79 152 80 155 80 156 81 160 81 161 80 163 80 164 79 165 79 166 78 167 78 168 77 169 77 174 72 174 71 175 70 175 69 176 68 176 65 177 64 177 57 176 56 176 54 175 53 175 51 173 49 173 48 170 45 169 45 167 43 166 43 165 42 163 42 162 41
0 189 71 188 72 186 72 185 73 183 73 182 74 181 74 179 76 178 76 175 79 175 82 174 83 174 84 173 85 173 86 172 87 172 99 175 102 175 105 178 108 179 108 182 111 183 111 184 112 186 112 187 113 195 113 196 112 198 112 199 111 201 111 202 110 203 110 205 108 207 108 209 106 209 105 210 104 210 103 211 102 211 101 214 98 214 90 213 89 213 84 212 83 212 82 209 79 209 78 207 76 206 76 203 73 201 73 200 72 198 72 197 71
0 442 352 441 353 439 353 438 354 436 354 435 355 433 355 426 362 426 363 424 365 424 368 423 369 423 371 422 372 422 381 423 382 423 383 424 384 424 385 425 386 425 387 429 391 430 391 431 392 432 392 433 393 435 393 436 394 447 394 448 393 450 393 451 392 452 392 453 391 454 391 463 382 463 381 464 380 464 379 465 378 465 376 466 375 466 367 465 366 465 363 464 362 464 361 463 360 463 359 459 355 458 355 457 354 456 354 455 353 453 353 452 352
0 407 325 406 326 404 326 403 327 402 327 395 334 395 335 394 336 394 337 393 338 393 349 395 351 395 353 401 359 403 359 404 360 406 360 407 361 411 361 412 362 413 362 414 361 417 361 418 360 420 360 421 359 422 359 423 358 424 358 428 354 428 352 429 351 429 347 430 346 430 336 429 335 429 334 428 333 428 332 426 330 425 330 421 326 419 326 418 325
0 52 140 51 141 49 141 48 142 47 142 41 148 41 149 40 150 40 151 39 152 39 155 38 156 38 165 39 166 39 167 40 168 40 169 45 174 46 174 47 175 49 175 50 176 56 176 57 175 59 175 61 173 62 173 69 166 69 165 70 164 70 163 71 162 71 160 72 159 72 151 71 150 71 149 70 148 70 146 65 141 63 141 62 140
0 409 285 408 286 406 286 404 288 403 288 400 291 400 292 399 293 399 294 398 295 398 307 399 308 399 309 400 310 400 312 406 318 408 318 410 320 412 320 413 321 414 321 415 320 422 320 423 319 425 319 426 318 427 318 430 315 431 315 433 313 433 312 434 311 434 309 435 308 435 298 434 297 434 295 433 294 433 293 430 290 429 290 427 288 426 288 424 286 422 286 421 285
0 606 188 605 189 603 189 602 190 601 190 600 191 599 191 595 195 595 200 596 201 595 202 595 210 596 211 596 215 603 222 605 222 606 223 608 223 609 224 611 224 612 225 614 225 615 224 617 224 618 223 620 223 621 222 622 222 624 220 624 219 626 217 626 216 627 215 627 213 628 212 628 206 627 205 627 203 625 201 625 200 624 199 624 198 622 196 621 196 619 194 619 193 617 191 615 191 613 189 611 189 610 188
0 608 0 605 3 605 5 604 6 604 7 603 8 603 18 604 19 604 21 605 22 605 23 610 28 611 28 612 29 614 29 615 30 626 30 627 29 629 29 630 28 631 28 632 27 634 27 636 25 637 26 639 26 639 0
0 195 182 194 183 191 183 190 184 188 184 187 185 186 185 182 189 182 190 180 192 180 193 179 194 179 198 178 199 178 207 179 208 179 211 180 212 180 213 181 214 181 215 183 217 183 218 185 220 186 220 190 224 192 224 193 225 195 225 196 226 202 226 203 225 205 225 206 224 207 224 215 216 215 215 216 214 216 212 217 211 217 201 216 200 216 198 215 197 215 195 214 194 214 193 213 192 213 191 207 185 206 185 205 184 203 184 202 183 200 183 199 182
0 157 164 156 165 154 165 153 166 151 166 149 168 148 168 144 172 144 173 143 174 143 175 142 176 142 179 141 180 141 191 142 192 142 194 144 196 144 197 145 198 145 199 147 201 148 201 150 203 152 203 153 204 155 204 156 205 161 205 162 204 164 204 165 203 167 203 169 201 169 200 174 195 174 194 175 193 175 189 176 188 176 187 177 186 177 181 176 180 176 179 175 178 175 174 174 173 174 172 167 165 165 165 164 164
0 189 6 188 7 186 7 178 15 178 31 179 32 179 33 180 34 180 35 183 38 184 38 186 40 188 40 189 41 196 41 197 40 200 40 201 39 203 39 210 32 210 31 211 30 211 28 212 27 212 17 211 16 211 15 210 14 210 12 207 9 206 9 205 8 204 8 203 7 201 7 200 6
0 252 212 251 213 248 213 247 214 245 214 244 215 243 215 242 216 241 216 240 217 239 217 238 218 237 218 234 221 234 222 232 224 232 225 231 226 231 228 230 229 230 237 231 238 231 239 232 240 232 241 233 242 233 243 236 246 237 246 238 247 239 247 240 248 242 248 243 249 247 249 248 250 249 250 250 249 256 249 257 248 259 248 260 247 261 247 263 245 264 245 266 243 266 242 269 239 269 237 270 236 270 233 271 232 271 225 270 224 270 222 269 221 269 219 265 215 264 215 263 214 261 214 260 213 258 213 257 212
0 277 170 276 171 274 171 273 172 271 172 270 173 269 173 264 178 264 179 263 180 263 182 262 183 262 194 263 195 263 197 270 204 271 204 273 206 275 206 276 207 285 207 286 206 288 206 289 205 290 205 291 204 292 204 295 201 295 200 298 197 298 195 299 194 299 183 298 182 298 181 297 180 297 179 291 173 290 173 289 172 287 172 286 171 284 171 283 170
0 520 78 519 79 515 79 514 80 512 80 505 87 505 89 504 90 504 92 503 93 503 101 504 102 504 106 505 107 505 108 506 109 506 110 508 112 508 113 511 116 512 116 513 117 514 117 515 118 517 118 518 119 522 119 523 120 524 119 528 119 529 118 531 118 532 117 533 117 535 115 535 114 539 110 539 109 540 108 541 100 541 95 539 90 537 88 537 87 534 84 533 84 530 81 529 81 528 80 526 80 525 79 523 79 522 78
0 143 210 142 211 140 211 139 212 138 212 136 214 135 214 132 217 132 218 131 219 131 220 130 221 130 222 129 223 129 226 128 227 128 233 129 234 129 236 130 237 130 238 131 239 131 240 137 246 138 246 139 247 141 247 142 248 145 248 146 249 152 249 153 248 155 248 156 247 158 247 159 246 160 246 165 241 165 240 166 239 166 238 167 237 167 235 168 234 168 223 167 222 167 220 165 218 165 217 161 213 160 213 158 211 156 211 155 210
0 65 100 64 101 62 101 61 102 59 102 51 110 51 112 50 113 50 120 51 121 51 122 53 124 53 127 58 132 59 132 60 133 62 133 63 134 65 134 66 135 69 135 70 134 73 134 74 133 76 133 78 131 79 131 81 129 81 128 83 126 83 125 84 124 84 122 85 121 85 114 84 113 84 112 83 111 83 110 82 109 82 108 77 103 76 103 75 102 73 102 72 101 69 101 68 100
0 180 119 179 120 177 120 176 121 175 121 174 122 173 122 169 126 169 127 168 128 168 129 167 130 167 132 166 133 166 143 167 144 167 146 168 147 168 148 174 154 175 154 176 155 178 155 179 156 181 156 182 157 191 157 192 156 194 156 195 155 196 155 203 148 203 143 204 142 204 141 205 140 205 133 204 132 204 131 203 130 203 128 196 121 195 121 194 120 192 120 191 119
0 57 286 56 287 54 287 48 293 48 295 47 296 47 298 46 299 46 312 47 313 47 315 48 316 48 317 53 322 53 323 55 325 57 325 58 326 66 326 67 325 69 325 70 324 71 324 77 318 77 317 78 316 78 315 79 314 79 299 78 298 78 296 76 294 76 293 71 288 70 288 69 287 67 287 66 286
0 353 348 352 349 347 349 346 350 344 350 343 351 342 351 341 352 340 352 335 357 335 370 336 371 336 372 337 373 337 374 340 377 341 377 343 379 344 379 345 380 347 380 348 381 356 381 357 380 359 380 360 379 361 379 362 378 363 378 368 373 368 372 369 371 369 369 370 368 370 361 369 360 369 358 368 357 368 356 364 352 363 352 361 350 360 350 359 349 357 349 356 348
0 290 285 289 286 285 286 284 287 282 287 281 288 280 288 279 289 278 289 276 291 275 291 272 294 272 295 271 296 271 297 270 298 270 306 271 307 271 309 272 310 272 311 275 314 276 314 277 315 278 315 279 316 281 316 282 317 292 317 293 316 295 316 296 315 298 315 299 314 300 314 301 313 302 313 303 312 304 312 308 308 308 306 309 305 309 296 308 295 308 294 307 293 307 292 304 289 303 289 301 287 299 287 298 286 294 286 293 285
0 584 320 583 321 581 321 580 322 579 322 577 324 576 324 573 327 573 328 571 330 571 331 570 332 570 336 569 337 569 347 570 348 570 352 573 355 575 355 576 356 579 356 580 355 582 355 583 354 585 354 586 353 587 353 588 352 589 352 590 351 591 351 596 346 596 345 598 343 598 342 599 341 599 340 600 339 600 337 601 336 601 330 600 329 600 328 594 322 593 322 592 321 590 321 589 320
0 288 342 287 343 285 343 284 344 282 344 273 353 273 354 272 355 272 356 271 357 271 360 270 361 270 367 271 368 271 371 272 372 272 373 277 378 279 378 280 379 283 379 284 380 285 380 286 381 288 381 289 382 290 382 291 381 293 381 294 380 295 380 297 378 298 378 304 372 304 370 305 369 305 353 304 352 304 351 303 350 303 349 298 344 297 344 296 343 294 343 293 342
0 441 401 440 402 438 402 436 404 435 404 429 410 429 413 428 414 428 418 429 419 429 422 430 423 430 424 436 430 437 430 438 431 440 431 441 432 444 432 445 433 452 433 453 432 455 432 456 431 457 431 458 430 459 430 460 429 461 429 466 424 466 422 467 421 467 411 465 409 465 408 461 404 460 404 459 403 458 403 457 402 455 402 454 401
0 381 397 380 398 378 398 377 399 375 399 369 405 369 406 368 407 368 420 369 421 369 422 370 423 370 424 374 428 375 428 376 429 378 429 379 430 381 430 382 431 389 431 390 430 393 430 394 429 396 429 397 428 398 428 403 423 403 422 404 421 404 419 405 418 405 410 404 409 404 407 400 403 399 403 397 401 396 401 395 400 394 400 393 399 392 399 391 398 389 398 388 397
0 624 332 623 333 621 333 620 334 618 334 617 335 616 335 609 342 609 343 608 344 608 351 609 352 609 353 612 356 613 356 614 357 616 357 617 358 622 358 623 357 625 357 626 356 627 356 628 355 629 355 632 352 632 351 634 349 634 341 633 340 633 338 632 337 632 336 629 333 627 333 626 332
0 579 242 578 243 576 243 575 244 573 244 572 245 570 245 563 252 563 253 561 255 561 256 560 257 560 262 559 263 559 270 560 271 560 275 561 276 561 277 567 283 568 283 569 284 571 284 572 285 576 285 577 284 579 284 580 283 582 283 584 281 585 281 588 278 588 277 590 275 590 274 591 273 591 272 592 271 592 270 593 269 593 267 594 266 594 255 593 254 593 252 591 250 591 249 586 244 584 244 583 243 580 243
0 300 241 299 242 297 242 295 244 294 244 291 247 291 248 290 249 290 258 291 259 291 260 292 261 292 262 294 264 295 264 297 266 298 266 299 267 300 267 301 268 303 268 304 269 312 269 313 268 315 268 321 262 321 261 322 260 322 253 321 252 321 249 319 247 319 246 317 244 316 244 315 243 314 243 313 242 311 242 310 241
0 473 284 472 285 469 285 468 286 466 286 461 291 461 292 460 293 460 294 459 295 459 296 458 297 458 302 457 303 457 308 458 309 458 312 459 313 459 316 460 317 460 318 461 319 461 320 465 324 467 324 468 325 470 325 471 324 473 324 474 323 475 323 477 321 478 321 486 313 486 312 487 311 487 310 488 309 488 308 489 307 489 303 490 302 490 296 489 295 489 293 488 292 488 291 482 285 480 285 479 284
0 584 382 583 383 581 383 580 384 579 384 574 389 574 390 573 391 573 392 572 393 572 394 571 395 571 406 572 407 572 410 573 411 573 412 574 413 574 414 579 419 580 419 582 421 583 421 584 422 586 422 587 423 590 423 591 422 594 422 595 421 597 421 598 420 599 420 604 415 604 414 605 413 605 412 606 411 606 409 607 408 607 398 606 397 606 395 605 394 605 393 604 392 604 391 597 384 596 384 595 383 593 383 592 382
0 28 220 27 221 24 221 23 222 21 222 20 223 19 223 15 227 15 228 14 229 14 231 13 232 13 240 14 241 14 246 15 247 15 249 17 251 17 252 22 257 23 257 24 258 25 258 26 259 28 259 29 260 34 260 35 259 38 259 39 258 41 258 43 256 44 256 46 254 46 253 47 252 47 251 48 250 48 249 49 248 49 246 50 245 50 235 49 234 49 232 47 230 47 229 42 224 41 224 40 223 39 223 38 222 36 222 35 221 32 221 31 220
0 82 421 81 422 79 422 77 424 76 424 72 428 72 429 71 430 71 431 70 432 70 434 69 435 69 446 70 447 70 448 71 449 71 450 73 452 73 453 77 457 78 457 79 458 81 458 82 459 91 459 92 458 94 458 95 457 96 457 97 456 99 456 103 452 103 451 104 450 104 449 105 448 105 446 106 445 106 437 105 436 105 433 104 432 104 431 103 430 103 429 98 424 97 424 96 423 95 423 94 422 92 422 91 421
0 46 406 45 407 43 407 42 408 40 408 33 415 33 416 32 417 32 418 31 419 31 427 32 428 32 431 33 432 33 433 35 435 35 436 39 440 40 440 41 441 43 441 44 442 53 442 54 441 56 441 62 435 62 434 63 433 63 432 64 431 64 429 65 428 65 420 64 419 64 418 63 417 63 416 61 414 61 413 58 410 57 410 55 408 54 408 53 407 51 407 50 406
0 154 283 153 284 151 284 150 285 149 285 148 286 147 286 143 290 143 291 142 292 142 293 141 294 141 295 140 296 140 299 139 300 139 305 140 306 140 309 141 310 141 312 142 313 142 314 143 315 143 316 149 322 151 322 152 323 154 323 155 324 159 324 160 323 163 323 164 322 166 322 167 321 168 321 172 317 172 316 173 315 173 313 174 312 174 311 175 310 175 307 176 306 176 299 175 298 175 296 174 295 174 294 172 292 172 291 167 286 165 286 163 284 161 284 160 283
0 91 181 90 182 88 182 87 183 86 183 80 189 80 190 79 191 79 194 78 195 78 206 79 207 79 208 80 209 80 210 86 216 87 216 88 217 89 217 90 218 92 218 93 219 101 219 102 218 104 218 105 217 106 217 108 215 109 215 112 212 112 211 113 210 113 209 114 208 114 204 115 203 115 196 114 195 114 193 113 192 113 191 112 190 112 189 110 187 110 186 108 184 107 184 106 183 105 183 104 182 102 182 101 181
0 148 358 147 359 145 359 143 361 142 361 140 363 140 364 139 365 139 366 137 368 137 369 136 370 136 373 135 374 135 378 136 379 136 381 137 382 137 383 138 384 138 385 144 391 146 391 147 392 156 392 157 391 159 391 160 390 161 390 165 386 165 385 166 384 166 382 167 381 167 368 166 367 166 365 165 364 165 363 162 360 161 360 160 359 158 359 157 358
0 79 238 78 239 76 239 75 240 74 240 73 241 72 241 68 245 68 246 67 247 67 248 66 249 66 250 65 251 65 260 66 261 66 263 67 264 67 265 68 266 68 267 74 273 75 273 77 275 79 275 80 276 90 276 91 275 93 275 94 274 95 274 100 269 100 268 101 267 101 266 102 265 102 262 103 261 103 254 102 253 102 251 101 250 101 249 100 248 100 247 99 246 99 245 95 241 94 241 93 240 92 240 91 239 89 239 88 238
0 518 318 517 319 515 319 514 320 512 320 511 321 510 321 505 326 505 327 503 329 503 330 502 331 502 334 501 335 501 339 502 340 502 344 503 345 503 346 504 347 504 348 510 354 511 354 512 355 514 355 515 356 517 356 518 357 527 357 528 356 530 356 531 355 533 355 534 354 535 354 538 351 539 351 541 349 541 348 543 346 543 344 544 343 544 340 545 339 545 334 544 333 544 331 543 330 543 328 537 322 536 322 534 320 533 320 532 319 530 319 529 318
0 123 413 122 414 120 414 119 415 118 415 116 417 116 418 113 421 113 422 112 423 112 427 111 428 111 432 112 433 112 436 113 437 113 439 119 445 120 445 121 446 123 446 124 447 128 447 129 448 131 448 132 447 134 447 135 446 136 446 137 445 138 445 139 444 140 444 144 440 144 439 146 437 146 436 147 435 147 425 146 424 146 423 140 417 139 417 137 415 136 415 135 414 133 414 132 413
0 266 29 263 30 261 31 256 36 255 38 254 41 254 47 255 51 256 53 257 55 258 56 259 56 264 60 266 61 275 61 281 58 284 55 286 52 287 49 287 43 286 38 285 36 283 33 281 32 279 31 276 30 272 29
0 401 39 397 40 394 41 392 42 388 45 386 48 385 50 384 52 384 61 385 64 386 66 388 69 391 72 394 74 396 75 400 76 404 76 409 75 411 74 413 73 419 68 421 64 421 51 418 46 414 42 412 41 409 40 405 39
1 428 42 425 43 421 45 419 47 419 50 420 66 421 69 422 71 424 74 428 78 430 78 433 80 437 79 440 78 442 77 444 75 445 73 446 69 446 63 445 59 443 55 440 49 435 44 433 43 430 42
0 471 158 468 159 465 160 460 163 456 167 454 172 454 174 453 176 454 180 455 185 457 187 457 188 458 189 459 189 461 191 463 192 465 193 468 194 478 194 481 193 484 191 488 186 489 184 490 182 490 174 489 171 488 168 487 166 483 162 480 160 477 159 474 159 473 158
0 493 241 489 242 486 243 483 245 480 248 477 254 476 257 476 262 477 268 480 274 484 278 486 279 494 282 502 282 505 281 507 280 511 277 512 276 512 275 514 273 515 270 515 259 514 256 511 250 505 244 503 243 500 242 496 241
0 400 132 396 135 392 138 390 140 390 141 388 143 387 143 385 145 385 151 386 153 393 161 395 162 397 163 401 164 406 164 409 163 411 162 414 160 416 158 419 152 420 149 420 145 419 142 418 140 412 134 410 133 408 132
0 398 209 395 210 389 213 383 219 382 221 381 225 381 229 382 232 383 234 391 242 393 243 395 244 398 245 401 246 409 246 412 245 415 244 418 242 423 237 424 235 425 233 426 229 426 226 425 222 424 220 423 218 421 216 421 215 420 214 419 214 417 212 415 211 413 210 410 209
0 340 212 337 213 335 214 331 218 328 223 327 227 327 231 328 235 331 241 333 243 338 247 340 248 350 248 353 247 355 245 356 245 357 244 357 243 359 241 362 235 362 226 361 223 360 221 358 219 358 218 357 217 356 217 354 215 352 214 350 213 347 212
0 202 144 198 145 196 146 194 148 194 150 191 153 193 156 192 163 193 166 194 168 196 171 199 174 202 176 204 177 207 178 219 178 223 177 226 175 231 170 232 168 233 166 234 161 233 156 232 154 226 148 224 147 222 146 219 145 214 144 208 145 206 145 205 144
0 212 243 209 244 207 245 204 248 202 251 201 253 200 256 200 265 202 269 203 272 207 276 209 277 211 278 214 279 219 279 223 278 229 275 234 270 235 268 236 265 236 258 234 253 233 251 228 246 226 245 224 244 220 243
0 54 354 51 355 49 356 46 358 44 360 41 366 41 380 42 382 43 384 45 387 49 390 51 391 53 392 60 392 63 391 65 390 70 385 71 383 72 381 74 375 74 373 73 368 72 365 71 363 70 361 66 357 63 355 60 354
0 472 441 468 442 466 443 463 446 462 448 461 451 461 463 462 467 463 469 465 472 470 477 472 478 484 478 486 477 491 472 492 470 493 467 493 460 492 456 488 448 485 445 482 443 476 441
0 240 351 237 352 235 353 229 359 228 361 227 363 226 368 226 375 228 377 230 383 232 385 235 387 237 388 239 389 250 389 255 385 256 385 257 384 257 383 261 378 262 376 263 373 263 363 262 361 261 359 256 354 253 352 250 351
0 229 384 227 385 226 386 223 391 222 394 222 403 223 407 224 409 225 411 226 412 228 413 230 414 239 414 245 411 251 405 254 401 255 399 256 396 257 390 256 385 256 381 254 378 251 376 246 376 242 377 237 378 235 380 231 382
0 269 406 267 407 265 408 258 415 257 417 256 419 255 423 255 426 256 430 257 433 264 440 266 441 271 443 277 443 280 442 283 441 287 439 289 437 289 436 292 433 292 420 289 414 284 409 282 408 280 407 277 406
0 531 223 529 224 527 228 526 231 526 239 527 243 528 246 529 248 530 250 534 254 537 256 540 257 549 257 552 256 554 255 555 253 556 251 557 245 557 240 556 237 554 235 554 233 552 231 552 230 551 229 546 225 543 224 540 223
0 17 19 9 23 4 28 2 31 1 35 0 39 0 45 2 50 7 55 9 56 11 57 23 57 28 55 30 54 32 53 35 51 37 49 38 47 39 45 40 41 40 31 39 28 38 26 35 23 30 20 27 19
1 291 356 289 357 288 358 287 360 286 364 284 371 283 377 287 381 288 384 288 387 290 390 298 398 301 400 303 401 309 402 313 401 315 400 320 395 321 393 321 389 322 388 322 385 321 382 320 379 316 371 313 368 311 367 309 367 307 366 305 364 304 361 301 361 298 358 295 358
0 541 420 536 422 534 425 534 430 532 434 533 439 568 439 570 441 533 442 533 446 534 448 536 451 539 454 542 456 545 457 548 458 555 458 558 457 560 456 562 455 568 449 569 447 571 442 571 434 570 431 569 428 566 425 564 425 562 424 559 422 552 421 547 420
0 282 432 278 434 275 438 275 440 272 443 272 453 273 455 276 458 276 459 278 461 281 463 283 464 286 465 291 465 293 464 295 463 297 461 298 461 299 460 299 459 301 457 302 454 302 445 301 442 300 439 299 437 297 435 294 434 291 432 284 432
0 244 450 242 451 240 452 232 460 231 462 230 464 229 468 230 479 265 479 267 477 268 472 268 463 267 460 266 458 264 455 262 453 260 452 258 451 255 450
0 188 449 184 450 181 451 178 453 175 456 173 459 172 461 171 464 171 477 173 479 214 478 214 472 213 468 212 465 211 463 210 461 208 458 206 456 202 453 196 450 192 450 191 449
0 58 31 55 27 51 25 46 24 41 24 37 23 30 25 26 29 22 34 21 41 22 45 24 50 26 53 30 54 35 56 38 58 41 59 47 60 52 60 55 58 59 55 62 51 63 47 63 41 61 36
0 600 148 601 141 601 137 598 131 593 128 586 126 581 126 574 129 569 135 569 141 569 146 572 150 575 154 581 156 586 157 593 156 598 153
1 614 125 614 122 613 117 613 111 612 106 610 102 606 97 602 95 598 96 594 96 591 98 585 99 582 101 576 106 572 114 572 121 573 126 576 132 581 137 585 139 590 139 594 139 599 138 604 136 607 135 611 133 612 131
0 0 302 0 338 2 339 4 340 9 341 14 340 16 339 18 338 21 335 22 333 23 329 24 325 24 320 23 317 20 311 14 305 12 304 10 303 7 302
0 557 401 560 405 563 410 564 416 563 422 561 426 558 430 552 434 546 434 540 433 536 430 532 426 529 421 527 417 528 413 529 406 531 402 533 399 539 397 546 397 549 397 554 398
0 146 0 147 3 148 5 153 10 156 12 159 13 163 14 167 14 171 13 173 12 175 11 180 6 182 2 182 0
0 0 149 0 193 2 193 3 194 6 194 9 193 11 192 15 189 16 188 16 187 18 185 19 182 20 178 20 171 19 167 18 164 17 162 15 159 8 152 6 151 4 150 2 150
0 0 261 0 295 5 295 10 294 14 291 15 289 16 287 17 284 17 280 16 276 15 274 14 272 11 268 7 264 3 262
0 0 424 0 463 9 463 11 462 13 461 17 457 21 452 22 449 22 438 21 435 20 433 19 431 14 426 12 425 10 424
0 98 464 95 465 92 466 90 467 85 471 83 474 82 476 82 479 123 478 122 475 121 473 115 467 113 466 111 465 108 464
0 397 462 395 463 393 464 389 468 388 468 385 471 383 475 382 478 421 478 420 474 419 472 418 470 412 464 410 463 408 462
0 509 464 506 465 499 472 496 478 528 478 528 476 527 475 527 472 526 470 521 465 519 464 515 463
0 635 229 627 233 624 236 622 239 621 241 620 243 619 248 619 253 620 257 621 260 622 262 624 264 624 265 625 266 626 266 628 268 630 269 632 270 636 271 639 271 639 229
0 639 104 635 105 633 106 628 111 627 113 626 116 626 127 629 133 634 138 639 140