0 416 13 415 14 411 14 410 15 408 15 406 17 405 17 401 21 401 22 399 24 399 26 398 27 398 37 399 38 399 39 400 40 400 41 401 42 401 43 403 45 403 46 405 48 406 48 407 49 409 49 410 50 414 50 415 51 416 51 417 50 420 50 421 49 423 49 431 41 431 40 432 39 432 36 433 35 433 28 432 27 432 25 431 24 431 23 429 21 429 20 427 18 426 18 424 16 423 16 422 15 420 15 419 14 417 14
0 314 20 313 21 311 21 310 22 309 22 308 23 307 23 306 24 305 24 301 28 301 29 300 30 300 31 299 32 299 33 298 34 298 43 302 47 303 47 304 48 306 48 307 49 310 49 311 50 313 50 314 49 319 49 320 48 322 48 323 47 324 47 327 44 327 43 330 40 330 37 331 36 331 29 330 28 330 26 328 24 327 24 325 22 323 22 322 21 319 21 318 20
0 299 55 298 56 296 56 295 57 293 57 291 59 290 59 285 64 285 65 284 66 284 67 283 68 283 70 282 71 282 83 283 84 283 85 285 87 285 88 291 94 292 94 293 95 295 95 296 96 307 96 308 95 310 95 312 93 313 93 317 89 317 88 319 86 319 84 320 83 320 81 321 80 321 71 320 70 320 67 319 66 319 65 311 57 309 57 308 56 306 56 305 55
0 597 101 596 102 594 102 593 103 592 103 591 104 590 104 585 109 585 110 583 112 583 113 582 114 582 121 583 122 583 123 585 125 585 126 586 127 586 130 588 132 590 132 591 133 593 133 594 134 596 134 597 135 604 135 605 134 607 134 608 133 609 133 614 128 614 127 615 126 615 125 616 124 616 114 615 113 615 111 614 110 614 109 609 104 608 104 607 103 606 103 605 102 603 102 602 101
0 584 141 583 142 581 142 579 144 578 144 573 149 573 150 571 152 571 153 570 154 570 167 571 168 571 169 573 171 573 172 576 175 577 175 578 176 580 176 581 177 588 177 589 176 591 176 592 175 593 175 600 168 600 167 602 165 602 164 603 163 603 151 602 150 602 148 601 147 601 146 598 143 596 143 595 142 593 142 592 141
0 410 114 409 115 407 115 406 116 405 116 401 120 401 121 400 122 400 123 399 124 399 126 398 127 398 138 399 139 399 140 400 141 400 142 401 143 401 144 402 145 402 146 406 150 408 150 409 151 417 151 418 150 420 150 421 149 423 149 424 148 425 148 427 146 427 145 428 144 428 143 429 142 429 141 430 140 430 138 431 137 431 129 430 128 430 127 429 126 429 125 428 124 428 123 427 122 427 121 426 120 426 119 423 116 422 116 421 115 419 115 418 114
0 262 0 262 1 261 2 261 15 262 16 262 18 264 20 264 21 266 23 267 23 268 24 269 24 270 25 272 25 273 26 278 26 279 25 281 25 282 24 284 24 291 17 291 16 292 15 292 14 293 13 293 11 294 10 294 4 293 3 293 1 292 0
0 360 15 359 16 357 16 356 17 354 17 352 19 351 19 349 21 349 22 347 24 347 27 346 28 346 34 347 35 347 38 349 40 349 41 350 42 350 43 353 46 354 46 355 47 356 47 357 48 359 48 360 49 368 49 369 48 371 48 376 43 376 42 377 41 377 40 378 39 378 38 379 37 379 27 378 26 378 24 377 23 377 22 372 17 370 17 369 16 367 16 366 15
0 438 48 437 49 435 49 434 50 432 50 431 51 430 51 428 53 428 54 426 56 426 57 425 58 425 59 424 60 424 73 425 74 425 77 426 78 426 79 427 80 427 81 429 83 430 83 432 85 433 85 435 87 437 87 438 88 440 88 441 89 447 89 448 88 450 88 451 87 453 87 454 86 455 86 458 83 458 82 460 80 460 79 461 78 461 76 462 75 462 66 461 65 461 63 460 62 460 61 452 53 451 53 449 51 448 51 447 50 445 50 444 49 439 49
0 484 11 483 12 481 12 480 13 479 13 477 15 476 15 473 18 473 19 472 20 472 22 471 23 471 34 472 35 472 36 473 37 473 38 475 40 475 41 480 46 482 46 483 47 485 47 486 48 487 48 488 47 494 47 495 46 497 46 498 45 499 45 504 40 504 39 505 38 505 37 506 36 506 35 507 34 507 31 508 30 508 23 507 22 507 21 506 20 506 19 499 12 497 12 496 11
0 519 82 518 83 516 83 515 84 514 84 513 85 512 85 508 89 508 90 507 91 507 92 506 93 506 95 505 96 505 100 506 101 506 105 507 106 507 107 508 108 508 109 510 111 511 111 513 113 515 113 516 114 524 114 525 113 527 113 528 112 530 112 531 111 532 111 533 110 534 110 535 109 536 109 538 107 538 106 539 105 539 104 540 103 540 100 541 99 541 95 540 94 540 92 539 91 539 90 538 89 538 88 535 85 534 85 532 83 530 83 529 82
0 41 315 40 316 38 316 37 317 35 317 34 318 33 318 31 320 31 321 30 322 30 324 29 325 29 326 28 327 28 333 31 336 31 337 32 338 32 343 33 344 33 345 34 346 34 347 35 348 35 349 39 353 40 353 41 354 43 354 44 355 55 355 56 354 58 354 59 353 60 353 61 352 62 352 65 349 65 348 66 347 66 346 68 344 68 342 69 341 69 329 68 328 68 327 67 326 67 325 62 320 61 320 60 319 59 319 58 318 56 318 55 317 53 317 52 316 47 316 46 315
0 219 405 218 406 216 406 215 407 214 407 212 409 211 409 207 413 207 415 206 416 206 420 207 421 207 424 209 426 209 427 211 429 213 429 214 430 216 430 217 431 218 431 219 430 221 430 222 429 223 429 228 424 228 423 231 420 231 413 230 412 230 410 226 406 224 406 223 405
0 75 391 74 392 72 392 71 393 69 393 68 394 67 394 62 399 62 400 61 401 61 402 60 403 60 406 59 407 59 413 60 414 60 417 61 418 61 419 62 420 62 421 67 426 68 426 69 427 70 427 71 428 73 428 74 429 81 429 82 428 84 428 85 427 86 427 87 426 88 426 90 424 91 424 93 422 93 421 96 418 96 416 97 415 97 404 96 403 96 402 95 401 95 400 94 399 94 398 91 395 90 395 88 393 86 393 85 392 83 392 82 391
0 203 278 202 279 200 279 199 280 198 280 193 285 193 286 192 287 192 289 191 290 191 300 192 301 192 306 193 307 193 308 194 309 194 310 196 312 196 313 198 315 199 315 201 317 203 317 204 318 207 318 208 317 210 317 212 315 213 315 219 309 219 308 223 304 223 290 222 289 222 288 221 287 221 286 216 281 215 281 214 280 213 280 212 279 210 279 209 278
0 60 86 59 87 56 87 55 88 53 88 50 91 50 92 46 96 46 110 47 111 47 112 53 118 54 118 55 119 57 119 58 120 60 120 61 121 69 121 70 120 72 120 73 119 74 119 75 118 76 118 78 116 78 115 79 114 79 111 80 110 80 109 81 108 81 101 80 100 80 99 79 98 79 95 78 94 78 93 75 90 73 90 72 89 71 89 70 88 69 88 68 87 66 87 65 86
0 102 67 101 68 99 68 98 69 96 69 90 75 90 76 89 77 89 79 88 80 88 93 89 94 89 96 91 98 91 99 97 105 98 105 100 107 102 107 103 108 107 108 108 109 110 109 111 108 115 108 116 107 118 107 124 101 124 100 125 99 125 98 126 97 126 95 127 94 127 84 126 83 126 81 125 80 125 79 124 78 124 77 117 70 116 70 115 69 114 69 113 68 111 68 110 67
0 195 94 194 95 192 95 191 96 190 96 189 97 188 97 181 104 181 106 180 107 180 117 181 118 181 119 182 120 182 121 188 127 189 127 190 128 191 128 192 129 194 129 195 130 204 130 205 129 207 129 208 128 209 128 210 127 211 127 213 125 214 125 216 123 216 122 217 121 217 120 218 119 218 118 219 117 219 116 220 115 220 106 219 105 219 103 217 101 217 100 214 97 213 97 212 96 211 96 210 95 208 95 207 94
0 194 45 193 46 189 46 188 47 186 47 184 49 183 49 180 52 180 53 178 55 178 56 177 57 177 59 176 60 176 67 177 68 177 70 178 71 178 72 180 74 180 76 184 80 185 80 186 81 188 81 189 82 191 82 192 83 197 83 198 82 200 82 201 81 203 81 204 80 205 80 209 76 209 75 211 73 211 71 212 70 212 68 213 67 213 61 212 60 212 58 211 57 211 56 210 55 210 54 206 50 205 50 203 48 202 48 201 47 199 47 198 46 196 46 195 45
0 71 177 70 178 68 178 67 179 66 179 65 180 64 180 62 182 61 182 59 184 59 185 58 186 58 187 57 188 57 190 56 191 56 197 57 198 57 199 58 200 58 201 59 202 59 203 64 208 65 208 66 209 67 209 68 210 70 210 71 211 76 211 77 212 78 211 82 211 83 210 85 210 86 209 88 209 90 207 91 207 93 205 93 204 95 202 95 201 96 200 96 199 97 198 97 190 96 189 96 188 95 187 95 186 94 185 94 184 90 180 89 180 88 179 86 179 85 178 83 178 82 177
0 89 324 88 325 86 325 85 326 84 326 79 331 79 332 78 333 78 334 77 335 77 336 76 337 76 345 77 346 77 349 78 350 78 353 79 354 79 355 83 359 84 359 85 360 86 360 87 361 89 361 90 362 93 362 94 361 99 361 100 360 102 360 103 359 104 359 110 353 110 351 111 350 111 347 112 346 112 335 111 334 111 333 106 328 105 328 103 326 102 326 101 325 99 325 98 324
0 132 322 131 323 129 323 128 324 126 324 119 331 119 333 118 334 118 344 119 345 119 348 126 355 128 355 129 356 131 356 132 357 135 357 136 358 139 358 140 357 144 357 145 356 147 356 148 355 149 355 151 353 152 353 158 347 158 344 159 343 159 332 153 326 151 326 150 325 149 325 148 324 146 324 145 323 142 323 141 322
0 455 227 454 228 450 228 449 229 447 229 441 235 441 237 440 238 440 247 441 248 441 250 442 251 442 252 443 253 443 254 445 256 445 257 448 260 449 260 451 262 452 262 453 263 455 263 456 264 460 264 461 265 468 265 469 264 471 264 472 263 474 263 479 258 479 254 480 253 480 249 479 248 479 245 478 244 478 242 477 241 477 240 475 238 475 237 474 236 474 234 472 232 470 232 469 231 467 231 466 230 465 230 464 229 462 229 461 228 458 228 457 227
0 482 201 481 202 479 202 475 206 475 208 471 212 471 226 479 234 479 235 481 237 483 237 484 238 490 238 491 239 494 239 495 238 497 238 498 237 500 237 504 233 504 232 505 231 505 229 506 228 506 221 504 219 504 217 503 216 503 214 499 210 499 209 496 206 495 206 492 203 491 203 490 202 488 202 487 201
0 160 231 159 232 157 232 154 235 152 235 150 237 150 239 148 241 148 244 147 245 147 252 150 255 150 257 152 259 154 259 156 261 158 261 160 263 161 263 162 264 164 264 165 265 173 265 174 264 176 264 177 263 179 263 185 257 185 256 186 255 186 248 185 247 185 246 184 245 184 240 177 233 176 233 175 232 173 232 172 231
0 132 20 131 21 129 21 128 22 127 22 125 24 124 24 119 29 119 30 117 32 117 33 116 34 116 36 115 37 115 48 116 49 116 50 117 51 117 52 118 53 118 54 122 58 123 58 124 59 125 59 126 60 128 60 129 61 136 61 137 60 139 60 140 59 142 59 144 57 145 57 151 51 151 50 152 49 152 48 153 47 153 45 154 44 154 31 153 30 153 29 152 28 152 27 151 26 151 25 149 23 148 23 147 22 145 22 144 21 141 21 140 20
0 446 97 445 98 443 98 442 99 441 99 436 104 436 105 435 106 435 109 434 110 434 121 435 122 435 123 436 124 436 125 441 130 443 130 444 131 446 131 447 132 451 132 452 131 454 131 455 130 457 130 458 129 459 129 465 123 465 122 466 121 466 108 464 106 464 104 460 100 459 100 458 99 456 99 455 98 453 98 452 97
0 364 182 363 183 360 183 359 184 357 184 351 190 351 193 350 194 350 199 351 200 351 205 353 207 353 208 355 210 355 211 358 214 359 214 361 216 363 216 364 217 366 217 367 218 374 218 375 217 377 217 378 216 379 216 380 215 381 215 383 213 383 211 386 208 386 198 385 197 385 193 381 189 380 189 375 184 373 184 372 183 367 183 366 182
0 406 173 405 174 403 174 402 175 401 175 400 176 399 176 395 180 395 181 394 182 394 183 393 184 393 185 392 186 392 194 393 195 393 196 394 197 394 198 395 199 395 200 396 201 396 202 397 203 397 204 400 207 402 207 403 208 414 208 415 207 417 207 418 206 419 206 426 199 426 195 427 194 427 190 426 189 426 184 425 183 425 182 424 181 424 180 422 178 421 178 418 175 417 175 416 174 414 174 413 173
0 255 396 254 397 252 397 251 398 250 398 248 400 246 400 244 402 244 403 240 407 240 409 239 410 239 414 238 415 238 425 239 426 239 428 240 429 240 430 242 432 243 432 245 434 246 434 247 435 249 435 250 436 254 436 255 437 260 437 261 436 263 436 264 435 265 435 266 434 267 434 269 432 269 431 271 429 271 428 273 426 273 425 274 424 274 408 273 407 273 406 272 405 272 404 266 398 264 398 263 397 260 397 259 396
0 465 413 464 414 462 414 458 418 458 421 457 422 457 428 458 429 458 431 459 432 459 433 461 435 461 436 468 443 469 443 470 444 471 444 473 446 475 446 476 447 489 447 490 446 492 446 496 442 496 441 497 440 497 439 498 438 498 429 496 427 496 426 495 425 495 424 493 422 492 422 491 421 490 421 489 420 489 419 487 417 486 417 485 416 483 416 482 415 479 415 478 414 475 414 474 413
0 481 374 480 375 478 375 477 376 476 376 475 377 474 377 468 383 468 385 467 386 467 395 468 396 468 398 469 399 469 401 475 407 477 407 478 408 481 408 482 409 489 409 490 408 492 408 493 407 494 407 495 406 496 406 499 403 499 402 501 400 501 388 500 387 500 385 499 384 499 383 497 381 497 380 494 377 493 377 492 376 490 376 489 375 487 375 486 374
0 97 270 96 271 94 271 93 272 90 272 89 273 87 273 85 275 85 276 84 277 84 281 83 282 83 292 84 293 84 295 85 296 85 297 91 303 92 303 93 304 95 304 96 305 106 305 107 304 109 304 110 303 111 303 114 300 114 299 115 298 115 297 116 296 116 293 117 292 117 283 116 282 116 280 115 279 115 278 114 277 114 276 111 273 110 273 108 271 106 271 105 270
0 67 240 66 241 64 241 63 242 61 242 60 243 59 243 55 247 55 248 53 250 53 252 52 253 52 254 51 255 51 263 52 264 52 266 53 267 53 268 55 270 55 272 57 274 58 274 61 277 63 277 64 278 76 278 77 277 79 277 85 271 85 270 88 267 88 266 89 265 89 254 88 253 88 251 86 249 86 248 80 242 78 242 77 241 74 241 73 240
0 67 28 66 29 64 29 61 32 61 33 59 35 59 37 58 38 58 39 57 40 57 47 58 48 58 50 59 51 58 52 58 57 60 59 62 59 63 60 65 60 66 59 68 59 70 57 72 57 73 56 75 56 76 55 78 55 79 54 81 54 82 53 83 53 86 50 86 49 88 47 88 39 87 38 87 37 85 35 85 34 83 32 82 32 81 31 79 31 78 30 75 30 74 29 72 29 71 28
0 27 1 26 2 24 2 23 3 22 3 18 7 18 8 17 9 17 10 16 11 16 21 17 22 17 23 22 28 23 28 24 29 25 29 26 30 28 30 29 31 39 31 40 30 42 30 44 28 45 28 47 26 47 25 48 24 48 22 49 21 49 14 48 13 48 11 47 10 47 9 42 4 41 4 40 3 39 3 38 2 36 2 35 1
0 136 158 135 159 133 159 126 166 126 167 125 168 125 169 124 170 124 182 125 183 125 184 128 187 128 188 132 192 134 192 135 193 137 193 138 194 144 194 145 193 149 193 150 192 152 192 153 191 154 191 158 187 158 186 159 185 159 183 160 182 160 173 159 172 159 170 158 169 158 168 156 166 156 165 151 160 150 160 149 159 147 159 146 158
0 270 193 269 194 267 194 266 195 264 195 263 196 261 196 260 197 258 197 254 201 254 202 253 203 253 205 252 206 252 216 253 217 253 218 255 220 255 221 261 227 263 227 264 228 266 228 267 229 269 229 270 230 277 230 278 229 280 229 281 228 282 228 285 225 286 225 289 222 289 221 290 220 290 219 291 218 291 215 292 214 292 209 291 208 291 205 288 202 288 201 285 198 284 198 283 197 282 197 281 196 279 196 278 195 276 195 275 194 273 194 272 193
0 260 98 259 99 257 99 256 100 255 100 254 101 253 101 251 103 251 104 249 106 249 107 248 108 248 118 249 119 249 120 250 121 250 122 252 124 252 125 255 128 256 128 258 130 259 130 260 131 262 131 263 132 265 132 266 133 273 133 274 132 276 132 277 131 279 131 280 130 281 130 285 126 285 125 286 124 286 123 287 122 287 113 286 112 286 110 285 109 285 108 279 102 278 102 276 100 275 100 274 99 272 99 271 98
0 150 98 149 99 146 99 145 100 143 100 137 106 137 107 136 108 136 116 137 117 137 119 139 121 139 122 142 125 142 126 149 133 149 134 151 136 151 137 157 143 158 143 159 144 161 144 162 145 163 145 164 144 166 144 170 140 170 129 169 128 169 110 168 109 168 108 167 107 167 106 166 105 166 104 164 102 163 102 161 100 160 100 159 99 157 99 156 98
0 320 134 319 135 317 135 316 136 315 136 314 137 313 137 307 143 307 144 306 145 306 147 305 148 305 154 306 155 306 157 307 158 307 159 308 160 308 161 313 166 314 166 315 167 317 167 318 168 323 168 324 167 326 167 327 166 328 166 334 160 334 159 335 158 335 146 334 145 334 143 333 142 333 141 332 140 332 139 329 136 327 136 326 135 324 135 323 134
0 633 37 632 38 629 38 628 39 626 39 619 46 619 48 618 49 618 52 617 53 617 58 618 59 618 62 619 63 619 65 624 70 625 70 626 71 627 71 628 72 630 72 631 73 634 73 635 72 637 72 638 71 639 71 639 38 638 37
0 292 397 291 398 289 398 288 399 287 399 283 403 283 404 282 405 282 406 281 407 281 413 282 414 282 424 285 427 285 428 288 431 289 431 290 432 292 432 293 433 301 433 302 432 304 432 305 431 306 431 310 427 310 426 311 425 311 422 312 421 312 413 311 412 311 410 310 409 310 408 309 407 309 406 308 405 308 404 303 399 302 399 301 398 299 398 298 397
0 531 303 530 304 528 304 527 305 526 305 521 310 521 311 520 312 520 315 519 316 519 322 520 323 520 325 521 326 521 327 522 328 522 329 523 330 523 331 524 332 524 333 529 338 530 338 532 340 534 340 535 341 537 341 538 342 544 342 545 341 547 341 548 340 549 340 552 337 552 336 553 335 553 333 554 332 554 330 555 329 555 319 554 318 554 316 553 315 553 314 552 313 552 312 546 306 545 306 544 305 542 305 541 304 539 304 538 303
0 346 216 345 217 342 217 341 218 339 218 338 219 337 219 332 224 332 225 331 226 331 238 332 239 332 241 333 242 333 243 335 245 335 246 339 250 340 250 341 251 343 251 344 252 346 252 347 253 352 253 353 252 355 252 356 251 358 251 359 250 360 250 362 248 362 247 363 246 363 245 364 244 364 243 365 242 365 239 366 238 366 233 365 232 365 230 364 229 364 228 363 227 363 226 362 225 362 224 360 222 359 222 358 221 357 221 355 219 354 219 353 218 352 218 351 217 349 217 348 216
0 501 330 500 331 498 331 497 332 496 332 495 333 494 333 493 334 492 334 487 339 487 340 485 342 485 343 484 344 484 345 483 346 483 348 482 349 482 356 483 357 483 359 484 360 484 362 486 364 486 365 488 367 489 367 490 368 492 368 493 369 502 369 503 368 505 368 506 367 507 367 508 366 509 366 515 360 515 359 517 357 517 356 518 355 518 353 519 352 519 341 518 340 518 339 517 338 517 337 513 333 512 333 510 331 508 331 507 330
0 333 434 332 435 330 435 329 436 328 436 327 437 326 437 323 440 323 441 320 444 320 446 319 447 319 457 320 458 320 460 326 466 327 466 328 467 329 467 330 468 332 468 333 469 335 469 336 470 341 470 342 469 344 469 347 466 348 466 350 464 351 464 353 462 353 453 352 452 352 451 351 450 351 449 349 447 349 446 348 445 348 444 346 442 346 441 345 440 345 439 341 435 339 435 338 434
0 489 260 488 261 486 261 484 263 484 264 483 265 482 265 480 267 480 268 479 269 479 270 478 271 478 273 477 274 477 275 476 276 476 280 477 281 477 284 478 285 478 287 479 288 479 289 480 290 480 291 484 295 485 295 486 296 488 296 489 297 496 297 497 296 499 296 501 294 502 294 505 291 505 290 506 289 506 287 507 286 507 280 508 279 508 274 507 273 507 270 505 268 505 267 500 262 499 262 498 261 496 261 495 260
0 383 363 382 364 378 364 377 365 375 365 374 366 373 366 369 370 369 371 368 372 368 374 367 375 367 384 368 385 368 387 369 388 369 389 370 390 370 391 375 396 376 396 377 397 378 397 379 398 381 398 382 399 389 399 390 398 392 398 393 397 395 397 397 395 397 394 399 392 399 391 401 389 401 387 402 386 402 377 401 376 401 374 400 373 400 372 398 370 398 369 396 367 395 367 393 365 392 365 391 364 389 364 388 363
0 527 262 526 263 523 263 522 264 520 264 516 268 516 269 515 270 515 271 514 272 514 282 515 283 515 284 516 285 516 286 519 289 519 290 522 293 523 293 525 295 527 295 528 296 539 296 540 295 542 295 547 290 547 288 548 287 548 279 547 278 547 276 546 275 546 274 545 273 545 272 537 264 535 264 534 263 532 263 531 262
0 589 287 588 288 586 288 585 289 584 289 580 293 580 294 579 295 579 297 578 298 578 301 577 302 577 311 578 312 578 315 579 316 579 319 583 323 583 324 585 326 587 326 588 327 598 327 599 326 601 326 603 324 604 324 607 321 607 320 609 318 609 316 610 315 610 312 611 311 611 304 610 303 610 300 609 299 609 297 607 295 607 294 602 289 601 289 600 288 598 288 597 287
0 625 182 624 183 621 183 620 184 618 184 616 186 615 186 612 189 612 190 611 191 611 193 610 194 610 208 611 209 611 210 612 211 612 212 615 215 616 215 619 218 620 218 621 219 623 219 624 220 633 220 634 219 636 219 637 218 639 218 639 185 638 185 637 184 636 184 635 183 633 183 632 182
0 587 355 586 356 584 356 583 357 581 357 580 358 579 358 574 363 574 364 573 365 573 371 572 372 572 380 573 381 573 383 574 384 574 385 581 392 583 392 584 393 592 393 593 392 595 392 596 391 597 391 602 386 602 385 603 384 603 382 604 381 604 380 605 379 605 370 604 369 604 367 603 366 603 364 602 363 602 362 598 358 597 358 595 356 593 356 592 355
0 611 239 610 240 608 240 607 241 605 241 599 247 599 248 598 249 598 250 597 251 597 252 596 253 596 261 597 262 597 264 598 265 598 266 599 267 599 268 606 275 607 275 608 276 610 276 611 277 615 277 616 278 617 278 618 277 622 277 623 276 625 276 627 274 628 274 631 271 631 270 632 269 632 268 633 267 633 265 634 264 634 252 633 251 633 250 632 249 632 248 631 247 631 246 626 241 624 241 623 240 621 240 620 239
0 142 267 141 268 139 268 138 269 136 269 135 270 134 270 128 276 128 278 127 279 127 285 128 286 128 289 129 290 129 292 130 293 130 294 134 298 136 298 137 299 146 299 147 298 149 298 150 297 152 297 157 292 157 291 158 290 158 289 159 288 159 286 160 285 160 278 159 277 159 275 153 269 151 269 150 268 148 268 147 267
0 224 184 223 185 221 185 220 186 219 186 218 187 217 187 213 191 213 192 211 194 211 195 210 196 210 197 209 198 209 200 208 201 208 204 207 205 207 211 208 212 208 217 210 219 211 219 214 222 215 222 216 223 218 223 219 224 222 224 223 223 226 223 227 222 229 222 230 221 231 221 238 214 238 213 240 211 240 210 241 209 241 208 242 207 242 193 241 192 241 191 240 190 240 189 238 187 237 187 236 186 234 186 233 185 231 185 230 184
0 8 376 7 377 5 377 0 382 0 397 1 398 1 399 3 401 3 402 7 406 8 406 10 408 12 408 13 409 22 409 23 408 25 408 26 407 27 407 31 403 31 402 32 401 32 399 33 398 33 391 32 390 32 388 31 387 31 385 26 380 25 380 23 378 22 378 21 377 19 377 18 376
0 270 304 269 305 267 305 266 306 265 306 260 311 260 313 259 314 259 325 260 326 260 327 261 328 261 330 266 335 267 335 268 336 270 336 271 337 279 337 280 336 282 336 283 335 284 335 287 332 287 331 288 330 288 329 289 328 289 327 290 326 290 324 291 323 291 316 290 315 290 314 289 313 289 312 282 305 280 305 279 304
0 101 425 100 426 98 426 97 427 96 427 93 430 92 430 86 436 86 437 85 438 85 442 84 443 84 447 85 448 85 451 88 454 88 455 91 458 92 458 93 459 94 459 95 460 97 460 98 461 106 461 107 460 109 460 110 459 112 459 118 453 118 452 120 450 120 449 121 448 121 445 122 444 122 437 121 436 121 434 119 432 119 431 117 429 116 429 113 426 111 426 110 425
0 44 425 43 426 41 426 40 427 39 427 33 433 33 435 32 436 32 449 34 451 34 452 38 456 39 456 40 457 42 457 43 458 46 458 47 459 49 459 50 458 53 458 54 457 56 457 57 456 58 456 63 451 63 450 64 449 64 448 66 446 66 436 65 435 65 433 58 426 56 426 55 425
0 300 245 299 246 297 246 296 247 295 247 288 254 288 255 287 256 287 267 288 268 288 271 289 272 289 273 290 274 290 275 293 278 294 278 295 279 296 279 297 280 299 280 300 281 308 281 309 280 311 280 312 279 313 279 314 278 315 278 317 276 318 276 320 274 320 273 321 272 321 271 322 270 322 268 323 267 323 261 322 260 322 257 321 256 321 254 320 253 320 252 316 248 315 248 314 247 313 247 312 246 310 246 309 245
0 557 222 556 223 554 223 553 224 552 224 551 225 550 225 548 227 548 228 545 231 545 233 544 234 544 239 545 240 545 245 546 246 546 248 547 249 547 251 549 253 549 254 552 257 553 257 555 259 556 259 557 260 559 260 560 261 567 261 568 260 570 260 571 259 573 259 578 254 578 253 579 252 579 251 580 250 580 249 581 248 581 244 582 243 582 238 581 237 581 235 580 234 580 233 579 232 579 231 572 224 570 224 569 223 566 223 565 222
0 618 422 617 423 613 423 612 424 610 424 609 425 608 425 605 428 605 429 604 430 604 431 603 432 603 433 602 434 602 440 601 441 601 448 602 449 602 450 604 452 604 453 609 458 610 458 612 460 614 460 615 461 622 461 623 460 625 460 626 459 627 459 628 458 629 458 630 457 631 457 634 454 634 453 636 451 636 449 637 448 637 436 636 435 636 434 635 433 635 431 629 425 628 425 627 424 625 424 624 423 620 423 619 422
0 288 448 287 449 285 449 284 450 283 450 281 452 280 452 279 453 278 453 276 455 276 456 275 457 275 458 274 459 274 462 273 463 273 468 274 469 274 472 275 473 275 475 279 479 308 479 309 478 310 478 312 476 312 475 313 474 313 472 314 471 314 461 313 460 313 459 312 458 312 457 306 451 305 451 304 450 303 450 302 449 300 449 299 448
0 142 429 141 430 139 430 138 431 137 431 136 432 135 432 131 436 131 437 130 438 130 439 129 440 129 442 128 443 128 457 129 458 129 459 135 465 137 465 138 466 141 466 142 467 145 467 146 466 148 466 149 465 151 465 159 457 159 456 160 455 160 454 161 453 161 450 162 449 162 440 161 439 161 438 160 437 160 436 154 430 152 430 151 429
0 304 329 303 330 300 330 299 331 297 331 292 336 292 337 291 338 291 339 290 340 290 341 289 342 289 352 290 353 290 354 291 355 291 356 296 361 297 361 298 362 300 362 301 363 304 363 305 364 308 364 309 363 311 363 312 362 314 362 315 361 316 361 319 358 319 357 320 356 320 354 321 353 321 351 322 350 322 345 321 344 321 341 320 340 320 339 319 338 319 337 314 332 313 332 312 331 310 331 309 330 306 330 305 329
0 211 0 211 14 212 15 212 16 213 17 213 18 218 23 219 23 220 24 221 24 222 25 224 25 225 26 233 26 234 25 236 25 237 24 238 24 241 21 241 20 242 19 242 18 243 17 243 4 242 3 242 2 240 0
0 527 151 524 152 522 153 519 155 516 158 515 160 514 163 513 166 513 178 514 181 515 183 516 185 521 191 524 193 526 194 533 195 539 195 541 194 543 193 545 191 546 191 547 190 547 189 549 187 550 185 551 182 552 176 552 174 551 169 550 166 549 164 547 161 539 153 537 152 533 151
0 255 252 252 253 250 254 248 255 245 257 242 260 240 263 237 269 236 272 236 281 237 284 238 286 239 288 243 292 245 293 248 294 257 294 260 293 263 292 266 290 272 284 274 281 275 279 276 276 277 273 277 266 275 259 274 257 270 253 267 252 262 251
0 568 320 566 321 563 324 562 326 561 328 559 336 556 340 555 343 561 345 567 346 574 346 577 345 579 344 584 339 585 337 585 329 584 325 580 321 577 320
0 574 408 572 409 565 416 564 418 563 420 563 428 564 433 567 436 568 439 571 440 574 443 585 443 588 440 591 439 594 436 595 434 596 432 597 429 597 423 596 420 595 418 594 416 588 410 586 409 584 408
0 531 424 529 425 526 427 521 432 519 435 519 437 517 443 517 450 518 453 519 455 521 458 525 462 527 463 529 464 534 465 539 465 542 464 544 463 546 462 551 457 552 455 553 453 554 450 554 442 553 435 551 432 545 426 543 425 538 424
0 22 99 14 100 10 101 7 102 5 103 0 108 0 132 2 134 5 137 8 139 11 140 14 141 24 141 27 140 33 137 39 131 40 129 41 127 42 121 42 119 41 114 37 106 33 102 31 101 29 100 25 99
0 278 146 275 147 273 148 266 155 265 158 264 161 263 166 263 171 264 175 265 178 267 181 272 186 274 187 276 188 279 189 289 189 291 188 293 187 297 183 298 181 299 178 300 175 301 170 300 162 299 158 297 153 294 150 291 148 288 147 285 146
0 551 20 548 21 542 24 535 31 534 33 533 35 532 38 532 46 533 49 534 51 535 53 538 56 540 57 542 58 556 58 559 56 562 56 564 55 566 54 571 49 572 47 573 37 573 33 572 29 571 27 569 25 561 21 558 20
0 349 259 346 260 344 261 342 262 339 264 336 267 335 269 334 271 334 283 335 285 339 289 342 291 344 292 347 293 353 293 356 292 359 291 362 289 367 284 369 281 370 277 370 270 369 268 368 266 365 263 357 259
0 232 313 230 314 227 317 224 318 222 320 220 323 219 325 218 327 218 334 219 336 221 338 222 341 223 342 224 342 226 344 228 345 231 346 239 346 244 344 248 342 250 340 253 334 253 323 251 319 249 317 246 315 244 314 241 313
0 180 351 176 352 173 353 167 359 166 361 165 363 164 366 164 374 165 377 166 380 167 382 172 387 174 388 183 388 187 387 189 386 193 383 196 379 197 376 197 362 196 360 195 358 190 353 188 352 185 351
0 184 428 181 429 179 430 176 432 171 437 170 439 169 443 169 451 170 454 171 456 176 461 178 462 180 463 186 464 192 463 194 462 196 461 199 458 201 455 202 453 203 450 203 447 204 446 204 444 203 441 201 436 200 434 196 430 194 429 192 428
0 243 354 240 355 235 357 233 359 232 359 231 360 227 365 226 367 225 370 224 373 224 383 225 386 231 392 234 394 242 394 244 393 246 392 249 390 251 388 256 382 259 377 260 375 261 373 261 362 260 360 259 358 256 355 254 354
0 336 388 331 390 329 392 328 392 327 393 326 396 324 398 323 400 322 404 322 410 323 414 324 417 325 419 331 425 333 426 336 427 340 427 343 426 346 425 354 421 356 418 358 415 359 412 360 406 359 401 358 398 356 395 354 393 351 391 349 390 346 390 343 388
0 417 251 413 252 408 255 406 257 403 263 402 266 401 269 400 275 400 280 401 284 402 286 404 288 407 290 411 293 419 293 421 292 423 291 426 288 428 285 428 281 431 276 432 273 433 267 433 265 432 264 432 261 431 259 430 257 426 253 424 252 421 251
1 95 136 91 137 88 138 85 139 83 140 78 145 77 147 76 149 76 160 77 162 78 164 84 170 89 172 92 173 96 174 102 173 104 172 106 171 110 168 111 166 112 164 114 159 115 156 116 153 115 150 114 147 113 145 106 138 104 137 101 136
0 108 204 106 205 104 206 97 213 96 215 95 217 95 227 96 230 97 233 103 239 106 241 109 241 118 238 121 237 124 235 128 231 129 229 130 226 130 218 127 213 125 210 122 207 119 205 116 204
0 425 281 421 282 418 283 414 285 410 289 410 291 411 295 409 297 409 301 410 304 411 306 412 308 418 314 421 316 424 316 425 317 427 317 428 316 431 316 433 315 438 310 439 308 440 305 440 296 439 293 437 290 433 286 430 284 428 282
1 121 133 118 128 114 126 108 125 100 126 95 128 90 134 88 138 88 145 89 150 95 157 98 162 106 164 111 164 116 159 120 155 125 149 125 144 123 137 123 137
0 492 65 488 62 483 59 479 58 472 57 466 59 461 61 457 66 454 72 452 77 454 84 456 90 464 95 473 97 479 97 486 94 493 89 495 81 495 76 494 70
0 594 38 591 33 588 30 584 27 579 25 572 25 568 25 561 26 556 30 553 34 553 42 556 50 560 55 568 60 576 61 583 61 588 59 592 55 595 50 595 44
0 143 243 145 238 145 231 144 227 142 223 138 220 132 219 126 219 118 220 112 224 109 231 108 242 109 249 114 256 118 259 125 259 135 256 139 251
0 48 302 52 308 54 315 54 322 52 329 48 335 41 338 33 338 27 336 22 332 16 326 15 323 14 313 16 304 21 299 28 295 34 294 41 296 45 298
0 73 0 78 6 80 7 82 8 86 9 93 9 96 8 98 7 102 3 102 2 104 0
0 134 0 134 4 135 7 137 10 140 13 142 14 145 15 148 15 149 16 151 16 152 15 155 15 159 13 161 11 161 10 164 7 166 3 167 0
1 0 91 0 130 3 130 6 127 6 126 10 122 11 120 11 118 15 113 16 111 16 102 16 100 15 98 10 93 8 92 5 91
0 0 241 0 279 3 278 5 277 8 274 9 274 11 272 14 266 15 261 15 255 14 252 11 246 9 244 6 242 3 241
0 0 320 0 356 2 357 4 357 5 356 12 355 14 354 16 353 17 352 18 350 19 347 19 340 18 336 17 334 14 330 11 326 8 323 6 322 4 321
0 392 466 388 467 382 470 379 473 377 477 377 479 416 479 416 477 414 474 412 472 409 470 406 468 403 467 400 466
1 633 465 629 466 626 467 623 468 620 470 615 475 614 478 639 479 639 465